>BCTTTGAWST	1-BCTTTGAWST	6.562249	-1131.094134	0	T:2013.0(37.71%),B:5085.9(12.23%),P:1e-491	Tpos:99.4,Tstd:44.6,Bpos:99.2,Bstd:67.4,StrandBias:-0.0,Multiplicity:1.20
0.094	0.341	0.351	0.214
0.012	0.758	0.127	0.103
0.055	0.080	0.034	0.831
0.012	0.020	0.045	0.923
0.020	0.009	0.011	0.960
0.066	0.242	0.539	0.153
0.826	0.007	0.018	0.149
0.399	0.078	0.032	0.491
0.158	0.371	0.362	0.109
0.183	0.176	0.214	0.427
>VACATCTGGW	2-VACATCTGGW	6.778003	-1068.587361	0	T:2084.0(39.04%),B:5650.6(13.59%),P:1e-464	Tpos:98.8,Tstd:51.7,Bpos:100.7,Bstd:62.8,StrandBias:0.0,Multiplicity:1.24
0.271	0.334	0.248	0.147
0.591	0.236	0.126	0.047
0.005	0.913	0.081	0.001
0.983	0.001	0.009	0.007
0.001	0.056	0.231	0.712
0.190	0.650	0.159	0.001
0.003	0.004	0.007	0.986
0.004	0.010	0.971	0.015
0.035	0.158	0.580	0.227
0.351	0.194	0.066	0.390
>VCAGMTGBBH	3-VCAGMTGBBH	6.004973	-978.640215	0	T:2823.0(52.88%),B:10250.0(24.65%),P:1e-425	Tpos:100.6,Tstd:54.0,Bpos:100.8,Bstd:66.1,StrandBias:-0.1,Multiplicity:1.14
0.289	0.366	0.223	0.122
0.001	0.997	0.001	0.001
0.922	0.076	0.001	0.001
0.001	0.160	0.542	0.297
0.420	0.461	0.118	0.001
0.001	0.171	0.001	0.827
0.001	0.001	0.997	0.001
0.151	0.226	0.301	0.322
0.170	0.237	0.254	0.340
0.320	0.235	0.111	0.334
>CTAATTAGCN	4-CTAATTAGCN	5.415798	-852.796208	0	T:2073.0(38.83%),B:6447.1(15.50%),P:1e-370	Tpos:100.3,Tstd:50.4,Bpos:100.1,Bstd:71.2,StrandBias:0.0,Multiplicity:1.29
0.096	0.523	0.150	0.231
0.015	0.157	0.001	0.827
0.775	0.159	0.010	0.056
0.988	0.004	0.003	0.005
0.001	0.002	0.005	0.992
0.029	0.039	0.172	0.760
0.804	0.003	0.167	0.026
0.181	0.179	0.560	0.080
0.240	0.399	0.183	0.178
0.228	0.211	0.342	0.219
>TWAYGRSSYS	5-TWAYGRSSYS	5.088254	-673.341569	0	T:1779.0(33.33%),B:5669.7(13.63%),P:1e-292	Tpos:99.0,Tstd:53.1,Bpos:104.2,Bstd:67.6,StrandBias:-0.2,Multiplicity:1.09
0.187	0.039	0.070	0.704
0.511	0.057	0.029	0.403
0.995	0.001	0.002	0.002
0.134	0.339	0.054	0.472
0.240	0.106	0.435	0.219
0.455	0.084	0.418	0.043
0.113	0.324	0.378	0.186
0.083	0.402	0.278	0.238
0.178	0.326	0.096	0.400
0.117	0.398	0.291	0.194
>TGATTTATGG	6-TGATTTATGG	6.960867	-535.953484	0	T:1010.0(18.92%),B:2455.2(5.90%),P:1e-232	Tpos:101.0,Tstd:49.5,Bpos:100.2,Bstd:68.6,StrandBias:0.0,Multiplicity:1.09
0.239	0.034	0.137	0.590
0.093	0.046	0.803	0.058
0.751	0.028	0.027	0.194
0.104	0.001	0.030	0.865
0.061	0.001	0.069	0.869
0.061	0.008	0.147	0.784
0.931	0.025	0.043	0.001
0.024	0.177	0.040	0.759
0.138	0.059	0.625	0.178
0.363	0.065	0.519	0.053
>AATTAAHWGC	7-AATTAAHWGC	4.891332	-491.013383	0	T:2891.0(54.16%),B:13860.1(33.33%),P:1e-213	Tpos:101.5,Tstd:53.4,Bpos:99.9,Bstd:72.3,StrandBias:0.1,Multiplicity:1.36
0.413	0.217	0.215	0.155
0.567	0.038	0.129	0.266
0.055	0.022	0.048	0.875
0.241	0.052	0.041	0.666
0.656	0.028	0.057	0.259
0.740	0.217	0.030	0.013
0.237	0.347	0.091	0.325
0.335	0.090	0.195	0.379
0.124	0.279	0.519	0.078
0.027	0.669	0.153	0.151
>GCCSTTTGAW	8-GCCSTTTGAW	4.935631	-457.741683	0	T:2687.0(50.34%),B:12698.0(30.53%),P:1e-198	Tpos:99.9,Tstd:54.1,Bpos:99.7,Bstd:68.1,StrandBias:-0.0,Multiplicity:1.19
0.174	0.214	0.412	0.200
0.070	0.567	0.291	0.072
0.138	0.525	0.146	0.191
0.103	0.346	0.419	0.132
0.027	0.110	0.057	0.806
0.012	0.133	0.210	0.645
0.006	0.009	0.023	0.962
0.189	0.181	0.456	0.174
0.502	0.204	0.088	0.206
0.376	0.143	0.163	0.319
>YTTTGAMGTT	9-YTTTGAMGTT	6.430839	-345.164973	0	T:798.0(14.95%),B:2197.8(5.28%),P:1e-149	Tpos:107.2,Tstd:55.5,Bpos:100.3,Bstd:70.0,StrandBias:-0.1,Multiplicity:1.05
0.015	0.462	0.151	0.372
0.254	0.070	0.025	0.651
0.035	0.035	0.044	0.886
0.208	0.127	0.114	0.551
0.287	0.149	0.539	0.025
0.564	0.213	0.035	0.188
0.425	0.428	0.012	0.136
0.199	0.023	0.762	0.016
0.029	0.346	0.025	0.600
0.145	0.230	0.218	0.408
>ATTAATCACG	10-ATTAATCACG	6.345361	-249.390256	0	T:705.0(13.21%),B:2175.4(5.23%),P:1e-108	Tpos:100.7,Tstd:54.7,Bpos:96.0,Bstd:73.3,StrandBias:-0.1,Multiplicity:1.06
0.760	0.095	0.061	0.084
0.059	0.056	0.085	0.800
0.159	0.062	0.094	0.685
0.682	0.070	0.061	0.187
0.784	0.055	0.053	0.108
0.088	0.010	0.086	0.816
0.069	0.880	0.037	0.014
0.819	0.089	0.001	0.091
0.061	0.831	0.062	0.046
0.104	0.056	0.757	0.083
>GAAACCAGAB	11-GAAACCAGAB	6.957165	-222.657377	0	T:746.0(13.98%),B:2521.4(6.06%),P:1e-96	Tpos:100.4,Tstd:57.5,Bpos:100.5,Bstd:66.0,StrandBias:-0.0,Multiplicity:1.07
0.224	0.078	0.697	0.001
0.629	0.091	0.077	0.203
0.909	0.037	0.053	0.001
0.861	0.001	0.083	0.055
0.087	0.628	0.142	0.143
0.001	0.978	0.020	0.001
0.401	0.144	0.232	0.223
0.001	0.159	0.834	0.006
0.609	0.312	0.071	0.008
0.082	0.358	0.241	0.319
>GACAGGAAAT	12-GACAGGAAAT	8.377104	-153.929310	0	T:497.0(9.31%),B:1630.1(3.92%),P:1e-66	Tpos:98.3,Tstd:53.7,Bpos:99.3,Bstd:65.9,StrandBias:-0.1,Multiplicity:1.05
0.132	0.250	0.560	0.058
0.558	0.107	0.275	0.060
0.178	0.565	0.256	0.001
0.844	0.122	0.009	0.025
0.001	0.033	0.965	0.001
0.001	0.001	0.997	0.001
0.918	0.001	0.061	0.020
0.997	0.001	0.001	0.001
0.673	0.001	0.186	0.140
0.001	0.221	0.001	0.777
>GTTTTTCATT	13-GTTTTTCATT	9.610789	-127.779880	0	T:232.0(4.35%),B:526.9(1.27%),P:1e-55	Tpos:97.9,Tstd:52.5,Bpos:101.7,Bstd:67.8,StrandBias:0.4,Multiplicity:1.02
0.001	0.001	0.997	0.001
0.001	0.255	0.280	0.463
0.001	0.001	0.001	0.997
0.001	0.001	0.001	0.997
0.001	0.319	0.001	0.679
0.001	0.001	0.262	0.736
0.001	0.673	0.206	0.120
0.997	0.001	0.001	0.001
0.096	0.001	0.110	0.793
0.001	0.157	0.001	0.841
>CBCCAGGSGG	14-CBCCAGGSGG	6.126490	-116.068744	0	T:1457.0(27.29%),B:7843.4(18.86%),P:1e-50	Tpos:100.9,Tstd:53.5,Bpos:101.1,Bstd:69.0,StrandBias:0.0,Multiplicity:1.15
0.001	0.579	0.071	0.349
0.035	0.382	0.347	0.235
0.209	0.510	0.180	0.101
0.031	0.896	0.072	0.001
0.636	0.001	0.028	0.335
0.001	0.001	0.997	0.001
0.231	0.180	0.584	0.005
0.077	0.401	0.521	0.001
0.301	0.037	0.622	0.040
0.205	0.202	0.533	0.060
>AAATGTGCTB	15-AAATGTGCTB	7.942161	-96.154930	0	T:426.0(7.98%),B:1615.8(3.89%),P:1e-41	Tpos:105.0,Tstd:55.3,Bpos:98.2,Bstd:68.5,StrandBias:0.0,Multiplicity:1.02
0.475	0.162	0.231	0.132
0.855	0.129	0.001	0.015
0.997	0.001	0.001	0.001
0.118	0.001	0.001	0.880
0.001	0.001	0.997	0.001
0.196	0.124	0.001	0.679
0.001	0.001	0.997	0.001
0.001	0.608	0.185	0.206
0.050	0.001	0.129	0.820
0.001	0.288	0.367	0.344
>CTGTCAACAS	16-CTGTCAACAS	8.256325	-86.296698	0	T:296.0(5.55%),B:996.7(2.40%),P:1e-37	Tpos:94.9,Tstd:49.3,Bpos:97.1,Bstd:64.8,StrandBias:-0.1,Multiplicity:1.02
0.163	0.751	0.001	0.085
0.001	0.001	0.001	0.997
0.001	0.001	0.773	0.225
0.001	0.001	0.001	0.997
0.001	0.997	0.001	0.001
0.997	0.001	0.001	0.001
0.439	0.213	0.149	0.199
0.001	0.997	0.001	0.001
0.620	0.001	0.378	0.001
0.001	0.440	0.460	0.099
>CCCCCCCCCC	17-CCCCCCCCCC	6.404373	-82.464662	0	T:1545.0(28.94%),B:8982.2(21.60%),P:1e-35	Tpos:100.0,Tstd:57.0,Bpos:100.6,Bstd:70.5,StrandBias:0.1,Multiplicity:1.40
0.100	0.700	0.100	0.100
0.100	0.700	0.100	0.100
0.100	0.700	0.100	0.100
0.100	0.700	0.100	0.100
0.100	0.700	0.100	0.100
0.100	0.700	0.100	0.100
0.100	0.700	0.100	0.100
0.100	0.700	0.100	0.100
0.100	0.700	0.100	0.100
0.100	0.700	0.100	0.100
>AGGCGGCCTG	18-AGGCGGCCTG	6.543407	-82.034590	0	T:864.0(16.19%),B:4386.6(10.55%),P:1e-35	Tpos:102.0,Tstd:55.4,Bpos:101.5,Bstd:70.5,StrandBias:-0.1,Multiplicity:1.12
0.815	0.056	0.043	0.086
0.046	0.045	0.855	0.054
0.075	0.080	0.805	0.040
0.099	0.734	0.115	0.052
0.125	0.107	0.663	0.105
0.035	0.047	0.864	0.054
0.037	0.842	0.056	0.065
0.049	0.850	0.031	0.070
0.116	0.068	0.065	0.751
0.021	0.093	0.822	0.064
>GGCCATGTGT	19-GGCCATGTGT	10.405105	-73.048191	0	T:69.0(1.29%),B:84.7(0.20%),P:1e-31	Tpos:98.7,Tstd:53.9,Bpos:92.2,Bstd:56.5,StrandBias:0.4,Multiplicity:1.02
0.001	0.001	0.893	0.105
0.278	0.001	0.662	0.059
0.001	0.997	0.001	0.001
0.001	0.936	0.062	0.001
0.997	0.001	0.001	0.001
0.001	0.001	0.001	0.997
0.001	0.001	0.997	0.001
0.001	0.001	0.001	0.997
0.001	0.001	0.997	0.001
0.001	0.123	0.001	0.875
>ACATTTCACG	20-ACATTTCACG	6.977645	-65.040212	0	T:285.0(5.34%),B:1074.3(2.58%),P:1e-28	Tpos:104.1,Tstd:55.7,Bpos:98.3,Bstd:64.8,StrandBias:0.2,Multiplicity:1.03
0.768	0.046	0.103	0.083
0.059	0.778	0.107	0.056
0.775	0.102	0.038	0.085
0.048	0.083	0.043	0.826
0.022	0.076	0.041	0.861
0.097	0.081	0.057	0.765
0.076	0.805	0.064	0.055
0.810	0.081	0.045	0.064
0.055	0.841	0.065	0.039
0.111	0.051	0.776	0.062
>CCATGGCAAC	21-CCATGGCAAC	9.997124	-56.889638	0	T:87.0(1.63%),B:174.9(0.42%),P:1e-24	Tpos:92.8,Tstd:54.6,Bpos:100.6,Bstd:68.8,StrandBias:-0.5,Multiplicity:1.12
0.041	0.957	0.001	0.001
0.001	0.940	0.001	0.058
0.953	0.001	0.045	0.001
0.001	0.016	0.001	0.982
0.001	0.001	0.997	0.001
0.085	0.001	0.856	0.058
0.143	0.695	0.001	0.161
0.997	0.001	0.001	0.001
0.985	0.001	0.001	0.013
0.001	0.997	0.001	0.001
>TCGCCAAGTG	22-TCGCCAAGTG	10.909684	-38.398492	0	T:15.0(0.28%),B:4.2(0.01%),P:1e-16	Tpos:105.2,Tstd:47.5,Bpos:123.3,Bstd:26.9,StrandBias:1.3,Multiplicity:1.00
0.001	0.001	0.001	0.997
0.001	0.997	0.001	0.001
0.001	0.001	0.997	0.001
0.001	0.847	0.001	0.151
0.001	0.997	0.001	0.001
0.594	0.001	0.001	0.404
0.594	0.404	0.001	0.001
0.001	0.001	0.997	0.001
0.001	0.001	0.001	0.997
0.001	0.001	0.997	0.001
>TGGCGAGAAA	23-TGGCGAGAAA	10.744434	-37.684389	0	T:29.0(0.54%),B:28.1(0.07%),P:1e-16	Tpos:95.6,Tstd:60.1,Bpos:116.2,Bstd:49.2,StrandBias:-1.9,Multiplicity:1.21
0.001	0.404	0.001	0.594
0.404	0.001	0.594	0.001
0.001	0.001	0.997	0.001
0.001	0.997	0.001	0.001
0.128	0.001	0.870	0.001
0.997	0.001	0.001	0.001
0.001	0.001	0.997	0.001
0.997	0.001	0.001	0.001
0.997	0.001	0.001	0.001
0.997	0.001	0.001	0.001
>AATCACGRAA	24-AATCACGRAA	10.932031	-28.926168	0	T:13.0(0.24%),B:5.6(0.01%),P:1e-12	Tpos:94.7,Tstd:55.6,Bpos:48.5,Bstd:52.5,StrandBias:-10.0,Multiplicity:1.50
0.900	0.003	0.001	0.096
0.951	0.047	0.001	0.001
0.111	0.048	0.001	0.840
0.096	0.656	0.241	0.007
0.902	0.001	0.096	0.001
0.001	0.997	0.001	0.001
0.001	0.001	0.997	0.001
0.516	0.003	0.480	0.001
0.903	0.095	0.001	0.001
0.737	0.006	0.145	0.112
>TAGCAAGCCG	25-TAGCAAGCCG	10.378273	-27.541827	0	T:14.0(0.26%),B:7.3(0.02%),P:1e-11	Tpos:90.5,Tstd:58.8,Bpos:128.8,Bstd:33.8,StrandBias:0.2,Multiplicity:1.00
0.001	0.094	0.001	0.904
0.997	0.001	0.001	0.001
0.001	0.001	0.997	0.001
0.001	0.997	0.001	0.001
0.997	0.001	0.001	0.001
0.775	0.223	0.001	0.001
0.001	0.001	0.775	0.223
0.223	0.553	0.001	0.223
0.001	0.997	0.001	0.001
0.001	0.001	0.997	0.001
>TAATTARAWMCA	1-TAATTARAWMCA	7.633491	-1229.704843	0	T:1442.0(27.01%),B:2410.8(5.80%),P:1e-534	Tpos:101.5,Tstd:50.2,Bpos:100.0,Bstd:71.4,StrandBias:0.0,Multiplicity:1.13
0.267	0.038	0.001	0.694
0.705	0.020	0.209	0.066
0.997	0.001	0.001	0.001
0.001	0.001	0.001	0.997
0.079	0.123	0.307	0.492
0.537	0.009	0.347	0.107
0.454	0.151	0.331	0.064
0.491	0.134	0.140	0.234
0.429	0.117	0.169	0.286
0.317	0.466	0.150	0.067
0.009	0.989	0.001	0.001
0.938	0.001	0.001	0.060
>NBCCTTTGAWST	2-NBCCTTTGAWST	7.421864	-1195.646678	0	T:1724.0(32.30%),B:3590.5(8.63%),P:1e-519	Tpos:99.8,Tstd:43.7,Bpos:98.5,Bstd:65.1,StrandBias:-0.1,Multiplicity:1.14
0.197	0.267	0.257	0.279
0.124	0.261	0.314	0.302
0.070	0.445	0.272	0.213
0.018	0.837	0.007	0.138
0.001	0.001	0.001	0.997
0.001	0.001	0.023	0.975
0.001	0.001	0.001	0.997
0.076	0.227	0.585	0.112
0.834	0.001	0.001	0.164
0.428	0.001	0.013	0.558
0.166	0.440	0.314	0.080
0.196	0.202	0.085	0.517
>NNNMCAKMTGKN	3-NNNMCAKMTGKN	7.138337	-1081.308350	0	T:2012.0(37.69%),B:5247.6(12.62%),P:1e-469	Tpos:99.3,Tstd:51.0,Bpos:101.1,Bstd:63.0,StrandBias:0.0,Multiplicity:1.21
0.232	0.259	0.253	0.256
0.265	0.251	0.222	0.262
0.306	0.257	0.189	0.249
0.387	0.408	0.203	0.001
0.001	0.997	0.001	0.001
0.997	0.001	0.001	0.001
0.001	0.038	0.507	0.454
0.431	0.567	0.001	0.001
0.001	0.001	0.001	0.997
0.001	0.001	0.997	0.001
0.001	0.218	0.404	0.377
0.246	0.183	0.259	0.312
>NNNNYMATTANN	4-NNNNYMATTANN	6.272966	-984.510014	0	T:2628.0(49.23%),B:9017.7(21.68%),P:1e-427	Tpos:99.5,Tstd:51.4,Bpos:99.5,Bstd:72.4,StrandBias:0.1,Multiplicity:1.33
0.236	0.272	0.270	0.222
0.274	0.240	0.254	0.232
0.259	0.248	0.256	0.237
0.171	0.294	0.257	0.278
0.010	0.429	0.001	0.560
0.543	0.415	0.001	0.041
0.997	0.001	0.001	0.001
0.001	0.001	0.001	0.997
0.393	0.001	0.001	0.605
0.997	0.001	0.001	0.001
0.346	0.206	0.249	0.199
0.264	0.269	0.247	0.220
>TGATTTATGGCC	5-TGATTTATGGCC	7.425463	-515.454619	0	T:817.0(15.31%),B:1713.5(4.12%),P:1e-223	Tpos:102.1,Tstd:48.8,Bpos:98.5,Bstd:71.0,StrandBias:-0.0,Multiplicity:1.08
0.232	0.009	0.091	0.668
0.097	0.026	0.794	0.083
0.721	0.015	0.035	0.229
0.048	0.009	0.023	0.920
0.013	0.004	0.015	0.968
0.048	0.021	0.092	0.839
0.963	0.020	0.016	0.001
0.012	0.013	0.009	0.966
0.163	0.055	0.578	0.204
0.229	0.018	0.616	0.137
0.194	0.482	0.194	0.130
0.126	0.593	0.111	0.170
>CYGTTAACRVNY	6-CYGTTAACRVNY	5.605999	-184.008734	0	T:1164.0(21.81%),B:5180.3(12.46%),P:1e-79	Tpos:99.9,Tstd:54.0,Bpos:100.0,Bstd:69.2,StrandBias:0.1,Multiplicity:1.08
0.234	0.459	0.164	0.143
0.217	0.387	0.033	0.362
0.265	0.044	0.530	0.161
0.054	0.069	0.081	0.796
0.243	0.072	0.003	0.682
0.818	0.025	0.099	0.058
0.949	0.047	0.002	0.002
0.001	0.900	0.041	0.058
0.480	0.117	0.398	0.005
0.362	0.279	0.276	0.082
0.221	0.259	0.324	0.196
0.191	0.354	0.186	0.270
>TAATTTACAGCC	7-TAATTTACAGCC	7.283466	-177.081653	0	T:651.0(12.20%),B:2290.6(5.51%),P:1e-76	Tpos:99.8,Tstd:54.1,Bpos:98.8,Bstd:67.7,StrandBias:-0.1,Multiplicity:1.05
0.094	0.129	0.139	0.638
0.544	0.195	0.192	0.069
0.665	0.113	0.074	0.148
0.160	0.066	0.056	0.718
0.005	0.031	0.020	0.944
0.011	0.119	0.022	0.848
0.522	0.238	0.169	0.071
0.088	0.836	0.043	0.033
0.792	0.002	0.001	0.205
0.075	0.033	0.847	0.045
0.150	0.727	0.062	0.061
0.133	0.695	0.011	0.161
>GTGGGGGNRGGG	8-GTGGGGGNRGGG	9.189695	-165.824046	0	T:734.0(13.75%),B:2812.2(6.76%),P:1e-72	Tpos:101.1,Tstd:56.2,Bpos:98.1,Bstd:68.3,StrandBias:-0.1,Multiplicity:1.19
0.163	0.193	0.572	0.072
0.333	0.048	0.001	0.618
0.001	0.001	0.997	0.001
0.001	0.001	0.997	0.001
0.001	0.001	0.997	0.001
0.084	0.001	0.914	0.001
0.001	0.001	0.997	0.001
0.337	0.250	0.188	0.225
0.382	0.001	0.451	0.165
0.001	0.001	0.997	0.001
0.024	0.001	0.900	0.075
0.139	0.050	0.810	0.001
>GCCATGTGTTTT	9-GCCATGTGTTTT	8.364121	-126.478536	0	T:382.0(7.16%),B:1205.2(2.90%),P:1e-54	Tpos:96.4,Tstd:56.4,Bpos:97.2,Bstd:69.2,StrandBias:-0.2,Multiplicity:1.04
0.128	0.156	0.712	0.004
0.146	0.537	0.234	0.083
0.174	0.552	0.106	0.168
0.476	0.207	0.154	0.163
0.078	0.001	0.180	0.741
0.001	0.001	0.850	0.148
0.001	0.001	0.001	0.997
0.001	0.001	0.962	0.036
0.138	0.103	0.126	0.633
0.001	0.001	0.106	0.892
0.001	0.059	0.016	0.924
0.130	0.183	0.011	0.676
>DDVCACATGTGB	10-DDVCACATGTGB	9.256868	-109.497372	0	T:192.0(3.60%),B:424.8(1.02%),P:1e-47	Tpos:100.2,Tstd:54.8,Bpos:101.7,Bstd:62.3,StrandBias:0.2,Multiplicity:1.00
0.291	0.118	0.338	0.253
0.360	0.158	0.265	0.217
0.316	0.314	0.260	0.110
0.410	0.588	0.001	0.001
0.697	0.246	0.001	0.056
0.001	0.997	0.001	0.001
0.762	0.236	0.001	0.001
0.001	0.001	0.001	0.997
0.001	0.001	0.997	0.001
0.001	0.001	0.058	0.940
0.001	0.001	0.718	0.280
0.142	0.252	0.282	0.324
>BGGCTGTTTGAT	11-BGGCTGTTTGAT	8.461339	-106.757030	0	T:251.0(4.70%),B:682.1(1.64%),P:1e-46	Tpos:98.0,Tstd:49.9,Bpos:103.1,Bstd:64.5,StrandBias:-0.0,Multiplicity:1.01
0.079	0.315	0.361	0.245
0.181	0.060	0.591	0.168
0.042	0.048	0.818	0.092
0.009	0.911	0.036	0.044
0.024	0.024	0.012	0.940
0.024	0.190	0.762	0.024
0.024	0.060	0.001	0.915
0.012	0.008	0.084	0.896
0.012	0.001	0.024	0.963
0.036	0.084	0.851	0.029
0.687	0.078	0.036	0.199
0.210	0.012	0.095	0.683
>ATTTCCTGTCNG	12-ATTTCCTGTCNG	9.535179	-93.418021	0	T:164.0(3.07%),B:363.4(0.87%),P:1e-40	Tpos:102.8,Tstd:50.9,Bpos:97.7,Bstd:60.3,StrandBias:0.4,Multiplicity:1.01
0.907	0.034	0.058	0.001
0.001	0.001	0.033	0.965
0.001	0.018	0.001	0.980
0.001	0.001	0.033	0.965
0.001	0.965	0.001	0.033
0.001	0.997	0.001	0.001
0.001	0.001	0.001	0.997
0.001	0.182	0.816	0.001
0.001	0.001	0.102	0.896
0.104	0.608	0.060	0.228
0.230	0.251	0.278	0.241
0.103	0.121	0.598	0.178
>SCAGGCGGCCTB	13-SCAGGCGGCCTB	7.693845	-88.187014	0	T:487.0(9.12%),B:2016.7(4.85%),P:1e-38	Tpos:102.6,Tstd:55.2,Bpos:101.0,Bstd:70.5,StrandBias:0.1,Multiplicity:1.06
0.199	0.372	0.281	0.148
0.072	0.861	0.063	0.004
0.857	0.035	0.029	0.079
0.032	0.045	0.889	0.034
0.066	0.152	0.766	0.016
0.112	0.649	0.126	0.113
0.150	0.094	0.593	0.163
0.022	0.066	0.870	0.042
0.011	0.832	0.104	0.053
0.052	0.871	0.014	0.063
0.050	0.093	0.070	0.787
0.062	0.305	0.391	0.242
>GGCTTTGAAAGG	14-GGCTTTGAAAGG	8.913220	-78.887921	0	T:214.0(4.01%),B:635.2(1.53%),P:1e-34	Tpos:108.4,Tstd:49.7,Bpos:101.3,Bstd:70.6,StrandBias:0.0,Multiplicity:1.03
0.185	0.062	0.504	0.249
0.255	0.228	0.502	0.015
0.007	0.985	0.007	0.001
0.047	0.007	0.007	0.939
0.007	0.276	0.218	0.499
0.007	0.007	0.068	0.918
0.044	0.186	0.577	0.193
0.895	0.034	0.001	0.070
0.823	0.140	0.022	0.015
0.904	0.001	0.066	0.029
0.090	0.001	0.839	0.070
0.131	0.132	0.646	0.091
>GTTGCCATGGCA	15-GTTGCCATGGCA	9.824216	-77.185762	0	T:93.0(1.74%),B:149.0(0.36%),P:1e-33	Tpos:100.9,Tstd:54.6,Bpos:102.2,Bstd:60.6,StrandBias:0.1,Multiplicity:1.01
0.097	0.001	0.901	0.001
0.001	0.013	0.018	0.968
0.001	0.287	0.037	0.675
0.235	0.001	0.625	0.139
0.001	0.888	0.018	0.093
0.001	0.961	0.001	0.037
0.761	0.203	0.018	0.018
0.001	0.037	0.018	0.944
0.068	0.001	0.930	0.001
0.017	0.018	0.964	0.001
0.135	0.651	0.098	0.116
0.821	0.037	0.141	0.001
>NGYCATTTATCA	16-NGYCATTTATCA	8.759837	-71.123340	0	T:170.0(3.18%),B:468.4(1.13%),P:1e-30	Tpos:98.1,Tstd:55.4,Bpos:104.3,Bstd:67.8,StrandBias:0.4,Multiplicity:1.02
0.333	0.207	0.238	0.222
0.048	0.194	0.742	0.016
0.032	0.376	0.142	0.450
0.096	0.745	0.032	0.127
0.967	0.031	0.001	0.001
0.032	0.016	0.016	0.936
0.092	0.016	0.048	0.844
0.016	0.032	0.063	0.889
0.555	0.207	0.048	0.190
0.064	0.254	0.079	0.603
0.017	0.904	0.047	0.032
0.920	0.001	0.016	0.063
>TTAACGAGGTGC	17-TTAACGAGGTGC	8.867188	-68.720219	0	T:76.0(1.42%),B:111.0(0.27%),P:1e-29	Tpos:101.8,Tstd:53.9,Bpos:96.5,Bstd:64.3,StrandBias:0.6,Multiplicity:1.02
0.001	0.051	0.001	0.947
0.104	0.078	0.052	0.766
0.786	0.026	0.078	0.110
0.817	0.105	0.052	0.026
0.055	0.759	0.160	0.026
0.052	0.130	0.765	0.053
0.869	0.001	0.052	0.078
0.079	0.079	0.711	0.131
0.001	0.003	0.918	0.078
0.001	0.104	0.079	0.816
0.001	0.052	0.946	0.001
0.026	0.815	0.080	0.079
>CGCCATATTTCA	18-CGCCATATTTCA	13.582287	-68.551724	0	T:17.0(0.32%),B:1.0(0.00%),P:1e-29	Tpos:115.5,Tstd:57.7,Bpos:90.7,Bstd:28.4,StrandBias:10.0,Multiplicity:1.00
0.001	0.909	0.089	0.001
0.089	0.001	0.909	0.001
0.001	0.997	0.001	0.001
0.089	0.909	0.001	0.001
0.909	0.001	0.089	0.001
0.001	0.001	0.207	0.791
0.997	0.001	0.001	0.001
0.001	0.001	0.001	0.997
0.001	0.001	0.001	0.997
0.001	0.089	0.001	0.909
0.001	0.997	0.001	0.001
0.997	0.001	0.001	0.001
>STCGTAAATCTG	19-STCGTAAATCTG	11.785415	-65.826831	0	T:21.0(0.39%),B:3.1(0.01%),P:1e-28	Tpos:102.0,Tstd:54.6,Bpos:53.7,Bstd:36.3,StrandBias:0.4,Multiplicity:1.00
0.001	0.478	0.520	0.001
0.236	0.001	0.118	0.645
0.266	0.491	0.001	0.242
0.001	0.001	0.993	0.005
0.001	0.001	0.001	0.997
0.997	0.001	0.001	0.001
0.997	0.001	0.001	0.001
0.997	0.001	0.001	0.001
0.242	0.006	0.012	0.740
0.001	0.997	0.001	0.001
0.001	0.001	0.001	0.997
0.006	0.360	0.510	0.124
>GCCGCCTTTGTT	20-GCCGCCTTTGTT	10.602736	-55.907214	0	T:41.0(0.77%),B:36.3(0.09%),P:1e-24	Tpos:114.3,Tstd:52.3,Bpos:99.4,Bstd:41.5,StrandBias:-0.6,Multiplicity:1.03
0.073	0.048	0.878	0.001
0.001	0.926	0.048	0.025
0.119	0.783	0.073	0.025
0.001	0.097	0.830	0.072
0.074	0.828	0.024	0.074
0.024	0.854	0.001	0.121
0.025	0.121	0.024	0.830
0.024	0.097	0.097	0.782
0.025	0.001	0.024	0.950
0.097	0.048	0.807	0.048
0.121	0.048	0.048	0.783
0.025	0.073	0.141	0.761
>ACGGAGCTATAA	21-ACGGAGCTATAA	11.432775	-48.556041	0	T:15.0(0.28%),B:2.9(0.01%),P:1e-21	Tpos:107.2,Tstd:45.1,Bpos:141.7,Bstd:26.4,StrandBias:-0.7,Multiplicity:1.00
0.744	0.128	0.085	0.043
0.223	0.560	0.087	0.130
0.085	0.043	0.829	0.043
0.085	0.085	0.785	0.045
0.956	0.001	0.001	0.042
0.042	0.001	0.872	0.085
0.128	0.829	0.042	0.001
0.001	0.084	0.001	0.914
0.827	0.001	0.044	0.128
0.042	0.001	0.085	0.872
0.915	0.042	0.042	0.001
0.915	0.042	0.001	0.042
>TTTCTYGCCATA	22-TTTCTYGCCATA	15.568364	-44.753289	0	T:12.0(0.22%),B:0.5(0.00%),P:1e-19	Tpos:99.4,Tstd:56.6,Bpos:78.0,Bstd:0.0,StrandBias:10.0,Multiplicity:1.42
0.001	0.001	0.001	0.997
0.001	0.029	0.001	0.969
0.030	0.162	0.001	0.807
0.001	0.997	0.001	0.001
0.001	0.001	0.001	0.997
0.001	0.465	0.030	0.504
0.001	0.001	0.997	0.001
0.001	0.997	0.001	0.001
0.001	0.997	0.001	0.001
0.997	0.001	0.001	0.001
0.001	0.001	0.001	0.997
0.969	0.001	0.001	0.029
>CCATGATTTTCA	23-CCATGATTTTCA	13.150365	-44.484514	0	T:14.0(0.26%),B:2.7(0.01%),P:1e-19	Tpos:117.2,Tstd:41.9,Bpos:98.0,Bstd:30.7,StrandBias:4.1,Multiplicity:1.29
0.001	0.997	0.001	0.001
0.001	0.997	0.001	0.001
0.766	0.001	0.232	0.001
0.001	0.001	0.001	0.997
0.043	0.043	0.913	0.001
0.997	0.001	0.001	0.001
0.001	0.001	0.001	0.997
0.001	0.042	0.001	0.956
0.001	0.001	0.001	0.997
0.001	0.001	0.001	0.997
0.001	0.997	0.001	0.001
0.997	0.001	0.001	0.001
>TACAGTGTGCAT	24-TACAGTGTGCAT	13.765924	-38.398492	0	T:15.0(0.28%),B:4.1(0.01%),P:1e-16	Tpos:75.1,Tstd:59.0,Bpos:69.5,Bstd:36.1,StrandBias:2.7,Multiplicity:1.00
0.001	0.001	0.001	0.997
0.594	0.404	0.001	0.001
0.001	0.582	0.001	0.416
0.997	0.001	0.001	0.001
0.001	0.001	0.997	0.001
0.001	0.001	0.001	0.997
0.001	0.001	0.997	0.001
0.001	0.001	0.001	0.997
0.001	0.001	0.594	0.404
0.416	0.582	0.001	0.001
0.997	0.001	0.001	0.001
0.001	0.001	0.001	0.997
>CATTTTTCACGT	25-CATTTTTCACGT	12.156198	-35.019046	0	T:14.0(0.26%),B:4.5(0.01%),P:1e-15	Tpos:96.0,Tstd:56.1,Bpos:152.7,Bstd:32.1,StrandBias:3.2,Multiplicity:1.50
0.117	0.860	0.001	0.022
0.912	0.022	0.022	0.044
0.001	0.022	0.095	0.882
0.169	0.001	0.066	0.764
0.088	0.044	0.001	0.867
0.022	0.044	0.044	0.890
0.022	0.067	0.044	0.867
0.045	0.911	0.022	0.022
0.845	0.089	0.022	0.044
0.073	0.705	0.111	0.111
0.067	0.067	0.755	0.111
0.044	0.133	0.067	0.756
>CCAGATGT	1-CCAGATGT	6.937472	-1022.365068	0	T:1732.0(32.45%),B:4115.0(9.89%),P:1e-444	Tpos:97.7,Tstd:51.3,Bpos:99.7,Bstd:65.5,StrandBias:0.0,Multiplicity:1.21
0.210	0.578	0.211	0.001
0.014	0.982	0.003	0.001
0.949	0.024	0.026	0.001
0.004	0.211	0.599	0.186
0.579	0.321	0.099	0.001
0.012	0.072	0.009	0.907
0.020	0.095	0.884	0.001
0.025	0.181	0.273	0.521
>SATCAAAG	2-SATCAAAG	6.657285	-913.303212	0	T:1998.0(37.43%),B:5796.8(13.94%),P:1e-396	Tpos:99.9,Tstd:45.5,Bpos:100.3,Bstd:67.3,StrandBias:0.0,Multiplicity:1.21
0.051	0.361	0.461	0.127
0.630	0.007	0.042	0.321
0.118	0.001	0.004	0.877
0.148	0.559	0.218	0.075
0.981	0.001	0.001	0.017
0.947	0.014	0.025	0.014
0.913	0.018	0.040	0.029
0.105	0.136	0.731	0.028
>RCCAGMTG	3-RCCAGMTG	5.949478	-844.876080	0	T:2542.0(47.62%),B:9196.2(22.11%),P:1e-366	Tpos:100.1,Tstd:53.2,Bpos:101.6,Bstd:66.9,StrandBias:-0.0,Multiplicity:1.16
0.389	0.026	0.439	0.147
0.337	0.500	0.162	0.001
0.054	0.922	0.023	0.001
0.736	0.064	0.151	0.049
0.001	0.110	0.542	0.347
0.441	0.397	0.112	0.050
0.031	0.057	0.001	0.911
0.001	0.030	0.935	0.034
>GCTAATTA	4-GCTAATTA	5.855049	-833.931610	0	T:1858.0(34.81%),B:5390.1(12.96%),P:1e-362	Tpos:100.3,Tstd:50.6,Bpos:100.0,Bstd:73.9,StrandBias:0.1,Multiplicity:1.27
0.138	0.207	0.434	0.221
0.046	0.565	0.218	0.171
0.032	0.158	0.017	0.793
0.697	0.236	0.016	0.051
0.936	0.001	0.025	0.038
0.004	0.014	0.001	0.981
0.066	0.042	0.136	0.756
0.839	0.002	0.141	0.018
>GTVATTAA	5-GTVATTAA	6.281198	-644.752985	0	T:2290.0(42.90%),B:8767.9(21.08%),P:1e-280	Tpos:99.4,Tstd:52.3,Bpos:98.8,Bstd:72.8,StrandBias:0.1,Multiplicity:1.27
0.032	0.177	0.503	0.288
0.001	0.396	0.001	0.602
0.234	0.362	0.335	0.070
0.997	0.001	0.001	0.001
0.120	0.001	0.001	0.878
0.370	0.001	0.001	0.628
0.660	0.001	0.001	0.338
0.989	0.001	0.009	0.001
>SCCRTTAA	6-SCCRTTAA	5.452070	-624.659675	0	T:2307.0(43.22%),B:8993.1(21.62%),P:1e-271	Tpos:99.3,Tstd:53.1,Bpos:100.6,Bstd:71.8,StrandBias:-0.0,Multiplicity:1.19
0.185	0.404	0.386	0.025
0.127	0.512	0.001	0.360
0.001	0.697	0.001	0.301
0.574	0.001	0.424	0.001
0.005	0.090	0.039	0.866
0.300	0.040	0.001	0.659
0.930	0.032	0.013	0.025
0.584	0.073	0.246	0.097
>TCAAAGGS	7-TCAAAGGS	5.639209	-532.493061	0	T:2551.0(47.79%),B:11184.9(26.89%),P:1e-231	Tpos:101.4,Tstd:53.8,Bpos:100.1,Bstd:68.8,StrandBias:0.0,Multiplicity:1.19
0.102	0.001	0.111	0.786
0.087	0.717	0.195	0.001
0.997	0.001	0.001	0.001
0.909	0.001	0.089	0.001
0.997	0.001	0.001	0.001
0.126	0.208	0.665	0.001
0.135	0.247	0.617	0.001
0.001	0.465	0.533	0.001
>TAATKRCC	8-TAATKRCC	5.773715	-436.435585	0	T:1419.0(26.58%),B:4913.9(11.82%),P:1e-189	Tpos:97.3,Tstd:55.4,Bpos:101.1,Bstd:67.4,StrandBias:0.2,Multiplicity:1.04
0.180	0.001	0.001	0.818
0.674	0.001	0.001	0.324
0.913	0.085	0.001	0.001
0.001	0.169	0.001	0.829
0.100	0.224	0.298	0.378
0.497	0.001	0.493	0.010
0.109	0.676	0.001	0.214
0.076	0.491	0.295	0.138
>CCATCTGT	9-CCATCTGT	6.419219	-338.453803	0	T:918.0(17.20%),B:2801.5(6.74%),P:1e-146	Tpos:102.2,Tstd:54.2,Bpos:98.4,Bstd:59.3,StrandBias:0.1,Multiplicity:1.03
0.063	0.935	0.001	0.001
0.001	0.997	0.001	0.001
0.997	0.001	0.001	0.001
0.001	0.001	0.044	0.954
0.001	0.767	0.231	0.001
0.001	0.001	0.001	0.997
0.001	0.001	0.997	0.001
0.001	0.001	0.001	0.997
>TGATTTAC	10-TGATTTAC	5.110002	-319.902825	0	T:669.0(12.53%),B:1711.1(4.11%),P:1e-138	Tpos:103.9,Tstd:51.2,Bpos:99.0,Bstd:67.1,StrandBias:-0.0,Multiplicity:1.02
0.001	0.001	0.010	0.988
0.001	0.001	0.997	0.001
0.997	0.001	0.001	0.001
0.001	0.001	0.001	0.997
0.001	0.001	0.001	0.997
0.304	0.001	0.037	0.658
0.997	0.001	0.001	0.001
0.001	0.608	0.001	0.390
>TTTGAAGT	11-TTTGAAGT	9.831593	-316.241989	0	T:448.0(8.39%),B:832.7(2.00%),P:1e-137	Tpos:97.3,Tstd:51.2,Bpos:96.0,Bstd:67.1,StrandBias:-0.2,Multiplicity:1.02
0.001	0.127	0.001	0.871
0.001	0.001	0.001	0.997
0.001	0.001	0.001	0.997
0.001	0.001	0.997	0.001
0.997	0.001	0.001	0.001
0.666	0.001	0.001	0.332
0.001	0.001	0.997	0.001
0.001	0.001	0.001	0.997
>TCTCATTT	12-TCTCATTT	6.335058	-243.363090	0	T:1570.0(29.41%),B:7166.7(17.23%),P:1e-105	Tpos:99.5,Tstd:56.2,Bpos:99.4,Bstd:70.3,StrandBias:0.2,Multiplicity:1.14
0.001	0.127	0.124	0.748
0.001	0.697	0.211	0.091
0.271	0.043	0.150	0.536
0.001	0.681	0.294	0.024
0.784	0.037	0.178	0.001
0.001	0.011	0.017	0.971
0.001	0.001	0.036	0.962
0.368	0.001	0.001	0.630
>GGAAACAG	13-GGAAACAG	5.936054	-231.535749	0	T:1339.0(25.08%),B:5833.8(14.03%),P:1e-100	Tpos:100.7,Tstd:55.7,Bpos:100.7,Bstd:69.6,StrandBias:0.1,Multiplicity:1.11
0.001	0.001	0.611	0.387
0.160	0.001	0.611	0.228
0.997	0.001	0.001	0.001
0.997	0.001	0.001	0.001
0.997	0.001	0.001	0.001
0.001	0.997	0.001	0.001
0.781	0.117	0.101	0.001
0.001	0.155	0.843	0.001
>GCCGTAAT	14-GCCGTAAT	5.346847	-229.907560	0	T:817.0(15.31%),B:2851.6(6.86%),P:1e-99	Tpos:99.1,Tstd:55.2,Bpos:98.8,Bstd:70.3,StrandBias:-0.1,Multiplicity:1.03
0.075	0.007	0.815	0.103
0.127	0.729	0.057	0.087
0.152	0.579	0.170	0.099
0.053	0.142	0.728	0.077
0.096	0.051	0.022	0.831
0.738	0.121	0.052	0.089
0.844	0.036	0.078	0.042
0.114	0.075	0.070	0.741
>CAATTACG	15-CAATTACG	6.310252	-220.641301	0	T:726.0(13.60%),B:2429.2(5.84%),P:1e-95	Tpos:98.7,Tstd:54.5,Bpos:98.4,Bstd:72.0,StrandBias:-0.1,Multiplicity:1.03
0.024	0.938	0.037	0.001
0.968	0.030	0.001	0.001
0.997	0.001	0.001	0.001
0.001	0.001	0.001	0.997
0.025	0.018	0.001	0.956
0.916	0.030	0.053	0.001
0.198	0.754	0.001	0.047
0.124	0.159	0.492	0.226
>ATTADVCG	16-ATTADVCG	4.704236	-213.677714	0	T:1146.0(21.47%),B:4818.1(11.59%),P:1e-92	Tpos:99.0,Tstd:54.0,Bpos:97.9,Bstd:71.4,StrandBias:0.0,Multiplicity:1.08
0.670	0.030	0.037	0.263
0.048	0.034	0.001	0.917
0.223	0.017	0.134	0.626
0.620	0.041	0.016	0.323
0.247	0.181	0.358	0.214
0.274	0.265	0.414	0.047
0.030	0.817	0.070	0.083
0.001	0.112	0.870	0.017
>CAGACCGC	17-CAGACCGC	5.146519	-180.599127	0	T:2352.0(44.06%),B:13201.6(31.74%),P:1e-78	Tpos:98.8,Tstd:56.6,Bpos:101.2,Bstd:69.2,StrandBias:0.0,Multiplicity:1.29
0.035	0.887	0.050	0.028
0.812	0.070	0.016	0.102
0.129	0.095	0.754	0.022
0.665	0.123	0.161	0.051
0.026	0.809	0.112	0.053
0.169	0.606	0.161	0.064
0.086	0.164	0.652	0.098
0.093	0.817	0.067	0.023
>ATTTCCTG	18-ATTTCCTG	7.903547	-149.857481	0	T:691.0(12.94%),B:2687.5(6.46%),P:1e-65	Tpos:100.6,Tstd:53.3,Bpos:99.6,Bstd:68.2,StrandBias:-0.1,Multiplicity:1.06
0.803	0.001	0.195	0.001
0.001	0.090	0.001	0.908
0.001	0.001	0.001	0.997
0.001	0.001	0.001	0.997
0.071	0.927	0.001	0.001
0.001	0.997	0.001	0.001
0.001	0.001	0.080	0.918
0.001	0.121	0.877	0.001
>ACATTCCG	19-ACATTCCG	6.695171	-137.787457	0	T:508.0(9.52%),B:1779.1(4.28%),P:1e-59	Tpos:99.6,Tstd:53.9,Bpos:101.1,Bstd:66.4,StrandBias:-0.2,Multiplicity:1.04
0.601	0.056	0.238	0.105
0.001	0.997	0.001	0.001
0.958	0.001	0.040	0.001
0.030	0.120	0.058	0.792
0.106	0.045	0.125	0.724
0.001	0.997	0.001	0.001
0.001	0.743	0.255	0.001
0.239	0.001	0.543	0.217
>CTGCAGGC	20-CTGCAGGC	5.894934	-126.593503	0	T:1548.0(29.00%),B:8314.5(19.99%),P:1e-54	Tpos:102.7,Tstd:55.6,Bpos:100.5,Bstd:71.1,StrandBias:-0.1,Multiplicity:1.21
0.038	0.833	0.012	0.117
0.136	0.093	0.172	0.599
0.044	0.154	0.748	0.054
0.045	0.817	0.103	0.035
0.729	0.112	0.060	0.099
0.066	0.030	0.884	0.020
0.098	0.152	0.718	0.032
0.054	0.676	0.173	0.097
>CCCCCCCC	21-CCCCCCCC	7.786777	-121.146731	0	T:1018.0(19.07%),B:4900.6(11.78%),P:1e-52	Tpos:100.4,Tstd:57.5,Bpos:99.6,Bstd:68.2,StrandBias:-0.0,Multiplicity:1.30
0.001	0.997	0.001	0.001
0.026	0.941	0.001	0.032
0.108	0.699	0.001	0.192
0.064	0.792	0.001	0.143
0.068	0.858	0.001	0.073
0.091	0.799	0.001	0.109
0.018	0.909	0.001	0.072
0.001	0.997	0.001	0.001
>CCAGGGGG	22-CCAGGGGG	7.008978	-77.887447	0	T:905.0(16.95%),B:4707.5(11.32%),P:1e-33	Tpos:102.2,Tstd:55.0,Bpos:101.0,Bstd:66.0,StrandBias:0.1,Multiplicity:1.13
0.058	0.926	0.001	0.015
0.056	0.904	0.039	0.001
0.835	0.001	0.001	0.163
0.001	0.001	0.997	0.001
0.092	0.042	0.865	0.001
0.071	0.001	0.798	0.130
0.092	0.001	0.906	0.001
0.001	0.060	0.898	0.041
>GTTGTAAA	23-GTTGTAAA	8.508429	-42.042711	0	T:172.0(3.22%),B:632.2(1.52%),P:1e-18	Tpos:106.6,Tstd:54.7,Bpos:98.7,Bstd:72.4,StrandBias:0.2,Multiplicity:1.01
0.001	0.285	0.713	0.001
0.001	0.001	0.001	0.997
0.001	0.001	0.001	0.997
0.001	0.001	0.997	0.001
0.001	0.001	0.001	0.997
0.997	0.001	0.001	0.001
0.997	0.001	0.001	0.001
0.890	0.108	0.001	0.001
>CGGGCTAA	24-CGGGCTAA	8.236954	-33.609973	0	T:24.0(0.45%),B:21.4(0.05%),P:1e-14	Tpos:105.7,Tstd:61.7,Bpos:92.4,Bstd:65.6,StrandBias:-0.9,Multiplicity:1.06
0.100	0.700	0.100	0.100
0.100	0.100	0.700	0.100
0.100	0.100	0.700	0.100
0.100	0.100	0.700	0.100
0.100	0.700	0.100	0.100
0.100	0.100	0.100	0.700
0.700	0.100	0.100	0.100
0.700	0.100	0.100	0.100
>ATTTCGCT	25-ATTTCGCT	8.704563	-33.546093	0	T:177.0(3.32%),B:723.9(1.74%),P:1e-14	Tpos:101.0,Tstd:56.6,Bpos:98.7,Bstd:66.0,StrandBias:0.0,Multiplicity:1.03
0.997	0.001	0.001	0.001
0.001	0.001	0.001	0.997
0.001	0.001	0.001	0.997
0.001	0.001	0.001	0.997
0.001	0.997	0.001	0.001
0.347	0.001	0.651	0.001
0.001	0.997	0.001	0.001
0.270	0.001	0.001	0.728
