>TAATTARAWMCA	1-TAATTARAWMCA	7.633491	-1229.704843	0	T:1442.0(27.01%),B:2410.8(5.80%),P:1e-534	Tpos:101.5,Tstd:50.2,Bpos:100.0,Bstd:71.4,StrandBias:0.0,Multiplicity:1.13
0.267	0.038	0.001	0.694
0.705	0.020	0.209	0.066
0.997	0.001	0.001	0.001
0.001	0.001	0.001	0.997
0.079	0.123	0.307	0.492
0.537	0.009	0.347	0.107
0.454	0.151	0.331	0.064
0.491	0.134	0.140	0.234
0.429	0.117	0.169	0.286
0.317	0.466	0.150	0.067
0.009	0.989	0.001	0.001
0.938	0.001	0.001	0.060
>NBCCTTTGAWST	2-NBCCTTTGAWST	7.421864	-1195.646678	0	T:1724.0(32.30%),B:3590.5(8.63%),P:1e-519	Tpos:99.8,Tstd:43.7,Bpos:98.5,Bstd:65.1,StrandBias:-0.1,Multiplicity:1.14
0.197	0.267	0.257	0.279
0.124	0.261	0.314	0.302
0.070	0.445	0.272	0.213
0.018	0.837	0.007	0.138
0.001	0.001	0.001	0.997
0.001	0.001	0.023	0.975
0.001	0.001	0.001	0.997
0.076	0.227	0.585	0.112
0.834	0.001	0.001	0.164
0.428	0.001	0.013	0.558
0.166	0.440	0.314	0.080
0.196	0.202	0.085	0.517
>NNNMCAKMTGKN	3-NNNMCAKMTGKN	7.138337	-1081.308350	0	T:2012.0(37.69%),B:5247.6(12.62%),P:1e-469	Tpos:99.3,Tstd:51.0,Bpos:101.1,Bstd:63.0,StrandBias:0.0,Multiplicity:1.21
0.232	0.259	0.253	0.256
0.265	0.251	0.222	0.262
0.306	0.257	0.189	0.249
0.387	0.408	0.203	0.001
0.001	0.997	0.001	0.001
0.997	0.001	0.001	0.001
0.001	0.038	0.507	0.454
0.431	0.567	0.001	0.001
0.001	0.001	0.001	0.997
0.001	0.001	0.997	0.001
0.001	0.218	0.404	0.377
0.246	0.183	0.259	0.312
>NNNNYMATTANN	4-NNNNYMATTANN	6.272966	-984.510014	0	T:2628.0(49.23%),B:9017.7(21.68%),P:1e-427	Tpos:99.5,Tstd:51.4,Bpos:99.5,Bstd:72.4,StrandBias:0.1,Multiplicity:1.33
0.236	0.272	0.270	0.222
0.274	0.240	0.254	0.232
0.259	0.248	0.256	0.237
0.171	0.294	0.257	0.278
0.010	0.429	0.001	0.560
0.543	0.415	0.001	0.041
0.997	0.001	0.001	0.001
0.001	0.001	0.001	0.997
0.393	0.001	0.001	0.605
0.997	0.001	0.001	0.001
0.346	0.206	0.249	0.199
0.264	0.269	0.247	0.220
>TGATTTATGGCC	5-TGATTTATGGCC	7.425463	-515.454619	0	T:817.0(15.31%),B:1713.5(4.12%),P:1e-223	Tpos:102.1,Tstd:48.8,Bpos:98.5,Bstd:71.0,StrandBias:-0.0,Multiplicity:1.08
0.232	0.009	0.091	0.668
0.097	0.026	0.794	0.083
0.721	0.015	0.035	0.229
0.048	0.009	0.023	0.920
0.013	0.004	0.015	0.968
0.048	0.021	0.092	0.839
0.963	0.020	0.016	0.001
0.012	0.013	0.009	0.966
0.163	0.055	0.578	0.204
0.229	0.018	0.616	0.137
0.194	0.482	0.194	0.130
0.126	0.593	0.111	0.170
>CYGTTAACRVNY	6-CYGTTAACRVNY	5.605999	-184.008734	0	T:1164.0(21.81%),B:5180.3(12.46%),P:1e-79	Tpos:99.9,Tstd:54.0,Bpos:100.0,Bstd:69.2,StrandBias:0.1,Multiplicity:1.08
0.234	0.459	0.164	0.143
0.217	0.387	0.033	0.362
0.265	0.044	0.530	0.161
0.054	0.069	0.081	0.796
0.243	0.072	0.003	0.682
0.818	0.025	0.099	0.058
0.949	0.047	0.002	0.002
0.001	0.900	0.041	0.058
0.480	0.117	0.398	0.005
0.362	0.279	0.276	0.082
0.221	0.259	0.324	0.196
0.191	0.354	0.186	0.270
>TAATTTACAGCC	7-TAATTTACAGCC	7.283466	-177.081653	0	T:651.0(12.20%),B:2290.6(5.51%),P:1e-76	Tpos:99.8,Tstd:54.1,Bpos:98.8,Bstd:67.7,StrandBias:-0.1,Multiplicity:1.05
0.094	0.129	0.139	0.638
0.544	0.195	0.192	0.069
0.665	0.113	0.074	0.148
0.160	0.066	0.056	0.718
0.005	0.031	0.020	0.944
0.011	0.119	0.022	0.848
0.522	0.238	0.169	0.071
0.088	0.836	0.043	0.033
0.792	0.002	0.001	0.205
0.075	0.033	0.847	0.045
0.150	0.727	0.062	0.061
0.133	0.695	0.011	0.161
>GTGGGGGNRGGG	8-GTGGGGGNRGGG	9.189695	-165.824046	0	T:734.0(13.75%),B:2812.2(6.76%),P:1e-72	Tpos:101.1,Tstd:56.2,Bpos:98.1,Bstd:68.3,StrandBias:-0.1,Multiplicity:1.19
0.163	0.193	0.572	0.072
0.333	0.048	0.001	0.618
0.001	0.001	0.997	0.001
0.001	0.001	0.997	0.001
0.001	0.001	0.997	0.001
0.084	0.001	0.914	0.001
0.001	0.001	0.997	0.001
0.337	0.250	0.188	0.225
0.382	0.001	0.451	0.165
0.001	0.001	0.997	0.001
0.024	0.001	0.900	0.075
0.139	0.050	0.810	0.001
>GCCATGTGTTTT	9-GCCATGTGTTTT	8.364121	-126.478536	0	T:382.0(7.16%),B:1205.2(2.90%),P:1e-54	Tpos:96.4,Tstd:56.4,Bpos:97.2,Bstd:69.2,StrandBias:-0.2,Multiplicity:1.04
0.128	0.156	0.712	0.004
0.146	0.537	0.234	0.083
0.174	0.552	0.106	0.168
0.476	0.207	0.154	0.163
0.078	0.001	0.180	0.741
0.001	0.001	0.850	0.148
0.001	0.001	0.001	0.997
0.001	0.001	0.962	0.036
0.138	0.103	0.126	0.633
0.001	0.001	0.106	0.892
0.001	0.059	0.016	0.924
0.130	0.183	0.011	0.676
>DDVCACATGTGB	10-DDVCACATGTGB	9.256868	-109.497372	0	T:192.0(3.60%),B:424.8(1.02%),P:1e-47	Tpos:100.2,Tstd:54.8,Bpos:101.7,Bstd:62.3,StrandBias:0.2,Multiplicity:1.00
0.291	0.118	0.338	0.253
0.360	0.158	0.265	0.217
0.316	0.314	0.260	0.110
0.410	0.588	0.001	0.001
0.697	0.246	0.001	0.056
0.001	0.997	0.001	0.001
0.762	0.236	0.001	0.001
0.001	0.001	0.001	0.997
0.001	0.001	0.997	0.001
0.001	0.001	0.058	0.940
0.001	0.001	0.718	0.280
0.142	0.252	0.282	0.324
>BGGCTGTTTGAT	11-BGGCTGTTTGAT	8.461339	-106.757030	0	T:251.0(4.70%),B:682.1(1.64%),P:1e-46	Tpos:98.0,Tstd:49.9,Bpos:103.1,Bstd:64.5,StrandBias:-0.0,Multiplicity:1.01
0.079	0.315	0.361	0.245
0.181	0.060	0.591	0.168
0.042	0.048	0.818	0.092
0.009	0.911	0.036	0.044
0.024	0.024	0.012	0.940
0.024	0.190	0.762	0.024
0.024	0.060	0.001	0.915
0.012	0.008	0.084	0.896
0.012	0.001	0.024	0.963
0.036	0.084	0.851	0.029
0.687	0.078	0.036	0.199
0.210	0.012	0.095	0.683
>ATTTCCTGTCNG	12-ATTTCCTGTCNG	9.535179	-93.418021	0	T:164.0(3.07%),B:363.4(0.87%),P:1e-40	Tpos:102.8,Tstd:50.9,Bpos:97.7,Bstd:60.3,StrandBias:0.4,Multiplicity:1.01
0.907	0.034	0.058	0.001
0.001	0.001	0.033	0.965
0.001	0.018	0.001	0.980
0.001	0.001	0.033	0.965
0.001	0.965	0.001	0.033
0.001	0.997	0.001	0.001
0.001	0.001	0.001	0.997
0.001	0.182	0.816	0.001
0.001	0.001	0.102	0.896
0.104	0.608	0.060	0.228
0.230	0.251	0.278	0.241
0.103	0.121	0.598	0.178
>SCAGGCGGCCTB	13-SCAGGCGGCCTB	7.693845	-88.187014	0	T:487.0(9.12%),B:2016.7(4.85%),P:1e-38	Tpos:102.6,Tstd:55.2,Bpos:101.0,Bstd:70.5,StrandBias:0.1,Multiplicity:1.06
0.199	0.372	0.281	0.148
0.072	0.861	0.063	0.004
0.857	0.035	0.029	0.079
0.032	0.045	0.889	0.034
0.066	0.152	0.766	0.016
0.112	0.649	0.126	0.113
0.150	0.094	0.593	0.163
0.022	0.066	0.870	0.042
0.011	0.832	0.104	0.053
0.052	0.871	0.014	0.063
0.050	0.093	0.070	0.787
0.062	0.305	0.391	0.242
>GGCTTTGAAAGG	14-GGCTTTGAAAGG	8.913220	-78.887921	0	T:214.0(4.01%),B:635.2(1.53%),P:1e-34	Tpos:108.4,Tstd:49.7,Bpos:101.3,Bstd:70.6,StrandBias:0.0,Multiplicity:1.03
0.185	0.062	0.504	0.249
0.255	0.228	0.502	0.015
0.007	0.985	0.007	0.001
0.047	0.007	0.007	0.939
0.007	0.276	0.218	0.499
0.007	0.007	0.068	0.918
0.044	0.186	0.577	0.193
0.895	0.034	0.001	0.070
0.823	0.140	0.022	0.015
0.904	0.001	0.066	0.029
0.090	0.001	0.839	0.070
0.131	0.132	0.646	0.091
>GTTGCCATGGCA	15-GTTGCCATGGCA	9.824216	-77.185762	0	T:93.0(1.74%),B:149.0(0.36%),P:1e-33	Tpos:100.9,Tstd:54.6,Bpos:102.2,Bstd:60.6,StrandBias:0.1,Multiplicity:1.01
0.097	0.001	0.901	0.001
0.001	0.013	0.018	0.968
0.001	0.287	0.037	0.675
0.235	0.001	0.625	0.139
0.001	0.888	0.018	0.093
0.001	0.961	0.001	0.037
0.761	0.203	0.018	0.018
0.001	0.037	0.018	0.944
0.068	0.001	0.930	0.001
0.017	0.018	0.964	0.001
0.135	0.651	0.098	0.116
0.821	0.037	0.141	0.001
>NGYCATTTATCA	16-NGYCATTTATCA	8.759837	-71.123340	0	T:170.0(3.18%),B:468.4(1.13%),P:1e-30	Tpos:98.1,Tstd:55.4,Bpos:104.3,Bstd:67.8,StrandBias:0.4,Multiplicity:1.02
0.333	0.207	0.238	0.222
0.048	0.194	0.742	0.016
0.032	0.376	0.142	0.450
0.096	0.745	0.032	0.127
0.967	0.031	0.001	0.001
0.032	0.016	0.016	0.936
0.092	0.016	0.048	0.844
0.016	0.032	0.063	0.889
0.555	0.207	0.048	0.190
0.064	0.254	0.079	0.603
0.017	0.904	0.047	0.032
0.920	0.001	0.016	0.063
>TTAACGAGGTGC	17-TTAACGAGGTGC	8.867188	-68.720219	0	T:76.0(1.42%),B:111.0(0.27%),P:1e-29	Tpos:101.8,Tstd:53.9,Bpos:96.5,Bstd:64.3,StrandBias:0.6,Multiplicity:1.02
0.001	0.051	0.001	0.947
0.104	0.078	0.052	0.766
0.786	0.026	0.078	0.110
0.817	0.105	0.052	0.026
0.055	0.759	0.160	0.026
0.052	0.130	0.765	0.053
0.869	0.001	0.052	0.078
0.079	0.079	0.711	0.131
0.001	0.003	0.918	0.078
0.001	0.104	0.079	0.816
0.001	0.052	0.946	0.001
0.026	0.815	0.080	0.079
>CGCCATATTTCA	18-CGCCATATTTCA	13.582287	-68.551724	0	T:17.0(0.32%),B:1.0(0.00%),P:1e-29	Tpos:115.5,Tstd:57.7,Bpos:90.7,Bstd:28.4,StrandBias:10.0,Multiplicity:1.00
0.001	0.909	0.089	0.001
0.089	0.001	0.909	0.001
0.001	0.997	0.001	0.001
0.089	0.909	0.001	0.001
0.909	0.001	0.089	0.001
0.001	0.001	0.207	0.791
0.997	0.001	0.001	0.001
0.001	0.001	0.001	0.997
0.001	0.001	0.001	0.997
0.001	0.089	0.001	0.909
0.001	0.997	0.001	0.001
0.997	0.001	0.001	0.001
>STCGTAAATCTG	19-STCGTAAATCTG	11.785415	-65.826831	0	T:21.0(0.39%),B:3.1(0.01%),P:1e-28	Tpos:102.0,Tstd:54.6,Bpos:53.7,Bstd:36.3,StrandBias:0.4,Multiplicity:1.00
0.001	0.478	0.520	0.001
0.236	0.001	0.118	0.645
0.266	0.491	0.001	0.242
0.001	0.001	0.993	0.005
0.001	0.001	0.001	0.997
0.997	0.001	0.001	0.001
0.997	0.001	0.001	0.001
0.997	0.001	0.001	0.001
0.242	0.006	0.012	0.740
0.001	0.997	0.001	0.001
0.001	0.001	0.001	0.997
0.006	0.360	0.510	0.124
>GCCGCCTTTGTT	20-GCCGCCTTTGTT	10.602736	-55.907214	0	T:41.0(0.77%),B:36.3(0.09%),P:1e-24	Tpos:114.3,Tstd:52.3,Bpos:99.4,Bstd:41.5,StrandBias:-0.6,Multiplicity:1.03
0.073	0.048	0.878	0.001
0.001	0.926	0.048	0.025
0.119	0.783	0.073	0.025
0.001	0.097	0.830	0.072
0.074	0.828	0.024	0.074
0.024	0.854	0.001	0.121
0.025	0.121	0.024	0.830
0.024	0.097	0.097	0.782
0.025	0.001	0.024	0.950
0.097	0.048	0.807	0.048
0.121	0.048	0.048	0.783
0.025	0.073	0.141	0.761
>ACGGAGCTATAA	21-ACGGAGCTATAA	11.432775	-48.556041	0	T:15.0(0.28%),B:2.9(0.01%),P:1e-21	Tpos:107.2,Tstd:45.1,Bpos:141.7,Bstd:26.4,StrandBias:-0.7,Multiplicity:1.00
0.744	0.128	0.085	0.043
0.223	0.560	0.087	0.130
0.085	0.043	0.829	0.043
0.085	0.085	0.785	0.045
0.956	0.001	0.001	0.042
0.042	0.001	0.872	0.085
0.128	0.829	0.042	0.001
0.001	0.084	0.001	0.914
0.827	0.001	0.044	0.128
0.042	0.001	0.085	0.872
0.915	0.042	0.042	0.001
0.915	0.042	0.001	0.042
>TTTCTYGCCATA	22-TTTCTYGCCATA	15.568364	-44.753289	0	T:12.0(0.22%),B:0.5(0.00%),P:1e-19	Tpos:99.4,Tstd:56.6,Bpos:78.0,Bstd:0.0,StrandBias:10.0,Multiplicity:1.42
0.001	0.001	0.001	0.997
0.001	0.029	0.001	0.969
0.030	0.162	0.001	0.807
0.001	0.997	0.001	0.001
0.001	0.001	0.001	0.997
0.001	0.465	0.030	0.504
0.001	0.001	0.997	0.001
0.001	0.997	0.001	0.001
0.001	0.997	0.001	0.001
0.997	0.001	0.001	0.001
0.001	0.001	0.001	0.997
0.969	0.001	0.001	0.029
>CCATGATTTTCA	23-CCATGATTTTCA	13.150365	-44.484514	0	T:14.0(0.26%),B:2.7(0.01%),P:1e-19	Tpos:117.2,Tstd:41.9,Bpos:98.0,Bstd:30.7,StrandBias:4.1,Multiplicity:1.29
0.001	0.997	0.001	0.001
0.001	0.997	0.001	0.001
0.766	0.001	0.232	0.001
0.001	0.001	0.001	0.997
0.043	0.043	0.913	0.001
0.997	0.001	0.001	0.001
0.001	0.001	0.001	0.997
0.001	0.042	0.001	0.956
0.001	0.001	0.001	0.997
0.001	0.001	0.001	0.997
0.001	0.997	0.001	0.001
0.997	0.001	0.001	0.001
>TACAGTGTGCAT	24-TACAGTGTGCAT	13.765924	-38.398492	0	T:15.0(0.28%),B:4.1(0.01%),P:1e-16	Tpos:75.1,Tstd:59.0,Bpos:69.5,Bstd:36.1,StrandBias:2.7,Multiplicity:1.00
0.001	0.001	0.001	0.997
0.594	0.404	0.001	0.001
0.001	0.582	0.001	0.416
0.997	0.001	0.001	0.001
0.001	0.001	0.997	0.001
0.001	0.001	0.001	0.997
0.001	0.001	0.997	0.001
0.001	0.001	0.001	0.997
0.001	0.001	0.594	0.404
0.416	0.582	0.001	0.001
0.997	0.001	0.001	0.001
0.001	0.001	0.001	0.997
>CATTTTTCACGT	25-CATTTTTCACGT	12.156198	-35.019046	0	T:14.0(0.26%),B:4.5(0.01%),P:1e-15	Tpos:96.0,Tstd:56.1,Bpos:152.7,Bstd:32.1,StrandBias:3.2,Multiplicity:1.50
0.117	0.860	0.001	0.022
0.912	0.022	0.022	0.044
0.001	0.022	0.095	0.882
0.169	0.001	0.066	0.764
0.088	0.044	0.001	0.867
0.022	0.044	0.044	0.890
0.022	0.067	0.044	0.867
0.045	0.911	0.022	0.022
0.845	0.089	0.022	0.044
0.073	0.705	0.111	0.111
0.067	0.067	0.755	0.111
0.044	0.133	0.067	0.756
