>CCAGATGT	1-CCAGATGT	6.937472	-1022.365068	0	T:1732.0(32.45%),B:4115.0(9.89%),P:1e-444	Tpos:97.7,Tstd:51.3,Bpos:99.7,Bstd:65.5,StrandBias:0.0,Multiplicity:1.21
0.210	0.578	0.211	0.001
0.014	0.982	0.003	0.001
0.949	0.024	0.026	0.001
0.004	0.211	0.599	0.186
0.579	0.321	0.099	0.001
0.012	0.072	0.009	0.907
0.020	0.095	0.884	0.001
0.025	0.181	0.273	0.521
>SATCAAAG	2-SATCAAAG	6.657285	-913.303212	0	T:1998.0(37.43%),B:5796.8(13.94%),P:1e-396	Tpos:99.9,Tstd:45.5,Bpos:100.3,Bstd:67.3,StrandBias:0.0,Multiplicity:1.21
0.051	0.361	0.461	0.127
0.630	0.007	0.042	0.321
0.118	0.001	0.004	0.877
0.148	0.559	0.218	0.075
0.981	0.001	0.001	0.017
0.947	0.014	0.025	0.014
0.913	0.018	0.040	0.029
0.105	0.136	0.731	0.028
>RCCAGMTG	3-RCCAGMTG	5.949478	-844.876080	0	T:2542.0(47.62%),B:9196.2(22.11%),P:1e-366	Tpos:100.1,Tstd:53.2,Bpos:101.6,Bstd:66.9,StrandBias:-0.0,Multiplicity:1.16
0.389	0.026	0.439	0.147
0.337	0.500	0.162	0.001
0.054	0.922	0.023	0.001
0.736	0.064	0.151	0.049
0.001	0.110	0.542	0.347
0.441	0.397	0.112	0.050
0.031	0.057	0.001	0.911
0.001	0.030	0.935	0.034
>GCTAATTA	4-GCTAATTA	5.855049	-833.931610	0	T:1858.0(34.81%),B:5390.1(12.96%),P:1e-362	Tpos:100.3,Tstd:50.6,Bpos:100.0,Bstd:73.9,StrandBias:0.1,Multiplicity:1.27
0.138	0.207	0.434	0.221
0.046	0.565	0.218	0.171
0.032	0.158	0.017	0.793
0.697	0.236	0.016	0.051
0.936	0.001	0.025	0.038
0.004	0.014	0.001	0.981
0.066	0.042	0.136	0.756
0.839	0.002	0.141	0.018
>GTVATTAA	5-GTVATTAA	6.281198	-644.752985	0	T:2290.0(42.90%),B:8767.9(21.08%),P:1e-280	Tpos:99.4,Tstd:52.3,Bpos:98.8,Bstd:72.8,StrandBias:0.1,Multiplicity:1.27
0.032	0.177	0.503	0.288
0.001	0.396	0.001	0.602
0.234	0.362	0.335	0.070
0.997	0.001	0.001	0.001
0.120	0.001	0.001	0.878
0.370	0.001	0.001	0.628
0.660	0.001	0.001	0.338
0.989	0.001	0.009	0.001
>SCCRTTAA	6-SCCRTTAA	5.452070	-624.659675	0	T:2307.0(43.22%),B:8993.1(21.62%),P:1e-271	Tpos:99.3,Tstd:53.1,Bpos:100.6,Bstd:71.8,StrandBias:-0.0,Multiplicity:1.19
0.185	0.404	0.386	0.025
0.127	0.512	0.001	0.360
0.001	0.697	0.001	0.301
0.574	0.001	0.424	0.001
0.005	0.090	0.039	0.866
0.300	0.040	0.001	0.659
0.930	0.032	0.013	0.025
0.584	0.073	0.246	0.097
>TCAAAGGS	7-TCAAAGGS	5.639209	-532.493061	0	T:2551.0(47.79%),B:11184.9(26.89%),P:1e-231	Tpos:101.4,Tstd:53.8,Bpos:100.1,Bstd:68.8,StrandBias:0.0,Multiplicity:1.19
0.102	0.001	0.111	0.786
0.087	0.717	0.195	0.001
0.997	0.001	0.001	0.001
0.909	0.001	0.089	0.001
0.997	0.001	0.001	0.001
0.126	0.208	0.665	0.001
0.135	0.247	0.617	0.001
0.001	0.465	0.533	0.001
>TAATKRCC	8-TAATKRCC	5.773715	-436.435585	0	T:1419.0(26.58%),B:4913.9(11.82%),P:1e-189	Tpos:97.3,Tstd:55.4,Bpos:101.1,Bstd:67.4,StrandBias:0.2,Multiplicity:1.04
0.180	0.001	0.001	0.818
0.674	0.001	0.001	0.324
0.913	0.085	0.001	0.001
0.001	0.169	0.001	0.829
0.100	0.224	0.298	0.378
0.497	0.001	0.493	0.010
0.109	0.676	0.001	0.214
0.076	0.491	0.295	0.138
>CCATCTGT	9-CCATCTGT	6.419219	-338.453803	0	T:918.0(17.20%),B:2801.5(6.74%),P:1e-146	Tpos:102.2,Tstd:54.2,Bpos:98.4,Bstd:59.3,StrandBias:0.1,Multiplicity:1.03
0.063	0.935	0.001	0.001
0.001	0.997	0.001	0.001
0.997	0.001	0.001	0.001
0.001	0.001	0.044	0.954
0.001	0.767	0.231	0.001
0.001	0.001	0.001	0.997
0.001	0.001	0.997	0.001
0.001	0.001	0.001	0.997
>TGATTTAC	10-TGATTTAC	5.110002	-319.902825	0	T:669.0(12.53%),B:1711.1(4.11%),P:1e-138	Tpos:103.9,Tstd:51.2,Bpos:99.0,Bstd:67.1,StrandBias:-0.0,Multiplicity:1.02
0.001	0.001	0.010	0.988
0.001	0.001	0.997	0.001
0.997	0.001	0.001	0.001
0.001	0.001	0.001	0.997
0.001	0.001	0.001	0.997
0.304	0.001	0.037	0.658
0.997	0.001	0.001	0.001
0.001	0.608	0.001	0.390
>TTTGAAGT	11-TTTGAAGT	9.831593	-316.241989	0	T:448.0(8.39%),B:832.7(2.00%),P:1e-137	Tpos:97.3,Tstd:51.2,Bpos:96.0,Bstd:67.1,StrandBias:-0.2,Multiplicity:1.02
0.001	0.127	0.001	0.871
0.001	0.001	0.001	0.997
0.001	0.001	0.001	0.997
0.001	0.001	0.997	0.001
0.997	0.001	0.001	0.001
0.666	0.001	0.001	0.332
0.001	0.001	0.997	0.001
0.001	0.001	0.001	0.997
>TCTCATTT	12-TCTCATTT	6.335058	-243.363090	0	T:1570.0(29.41%),B:7166.7(17.23%),P:1e-105	Tpos:99.5,Tstd:56.2,Bpos:99.4,Bstd:70.3,StrandBias:0.2,Multiplicity:1.14
0.001	0.127	0.124	0.748
0.001	0.697	0.211	0.091
0.271	0.043	0.150	0.536
0.001	0.681	0.294	0.024
0.784	0.037	0.178	0.001
0.001	0.011	0.017	0.971
0.001	0.001	0.036	0.962
0.368	0.001	0.001	0.630
>GGAAACAG	13-GGAAACAG	5.936054	-231.535749	0	T:1339.0(25.08%),B:5833.8(14.03%),P:1e-100	Tpos:100.7,Tstd:55.7,Bpos:100.7,Bstd:69.6,StrandBias:0.1,Multiplicity:1.11
0.001	0.001	0.611	0.387
0.160	0.001	0.611	0.228
0.997	0.001	0.001	0.001
0.997	0.001	0.001	0.001
0.997	0.001	0.001	0.001
0.001	0.997	0.001	0.001
0.781	0.117	0.101	0.001
0.001	0.155	0.843	0.001
>GCCGTAAT	14-GCCGTAAT	5.346847	-229.907560	0	T:817.0(15.31%),B:2851.6(6.86%),P:1e-99	Tpos:99.1,Tstd:55.2,Bpos:98.8,Bstd:70.3,StrandBias:-0.1,Multiplicity:1.03
0.075	0.007	0.815	0.103
0.127	0.729	0.057	0.087
0.152	0.579	0.170	0.099
0.053	0.142	0.728	0.077
0.096	0.051	0.022	0.831
0.738	0.121	0.052	0.089
0.844	0.036	0.078	0.042
0.114	0.075	0.070	0.741
>CAATTACG	15-CAATTACG	6.310252	-220.641301	0	T:726.0(13.60%),B:2429.2(5.84%),P:1e-95	Tpos:98.7,Tstd:54.5,Bpos:98.4,Bstd:72.0,StrandBias:-0.1,Multiplicity:1.03
0.024	0.938	0.037	0.001
0.968	0.030	0.001	0.001
0.997	0.001	0.001	0.001
0.001	0.001	0.001	0.997
0.025	0.018	0.001	0.956
0.916	0.030	0.053	0.001
0.198	0.754	0.001	0.047
0.124	0.159	0.492	0.226
>ATTADVCG	16-ATTADVCG	4.704236	-213.677714	0	T:1146.0(21.47%),B:4818.1(11.59%),P:1e-92	Tpos:99.0,Tstd:54.0,Bpos:97.9,Bstd:71.4,StrandBias:0.0,Multiplicity:1.08
0.670	0.030	0.037	0.263
0.048	0.034	0.001	0.917
0.223	0.017	0.134	0.626
0.620	0.041	0.016	0.323
0.247	0.181	0.358	0.214
0.274	0.265	0.414	0.047
0.030	0.817	0.070	0.083
0.001	0.112	0.870	0.017
>CAGACCGC	17-CAGACCGC	5.146519	-180.599127	0	T:2352.0(44.06%),B:13201.6(31.74%),P:1e-78	Tpos:98.8,Tstd:56.6,Bpos:101.2,Bstd:69.2,StrandBias:0.0,Multiplicity:1.29
0.035	0.887	0.050	0.028
0.812	0.070	0.016	0.102
0.129	0.095	0.754	0.022
0.665	0.123	0.161	0.051
0.026	0.809	0.112	0.053
0.169	0.606	0.161	0.064
0.086	0.164	0.652	0.098
0.093	0.817	0.067	0.023
>ATTTCCTG	18-ATTTCCTG	7.903547	-149.857481	0	T:691.0(12.94%),B:2687.5(6.46%),P:1e-65	Tpos:100.6,Tstd:53.3,Bpos:99.6,Bstd:68.2,StrandBias:-0.1,Multiplicity:1.06
0.803	0.001	0.195	0.001
0.001	0.090	0.001	0.908
0.001	0.001	0.001	0.997
0.001	0.001	0.001	0.997
0.071	0.927	0.001	0.001
0.001	0.997	0.001	0.001
0.001	0.001	0.080	0.918
0.001	0.121	0.877	0.001
>ACATTCCG	19-ACATTCCG	6.695171	-137.787457	0	T:508.0(9.52%),B:1779.1(4.28%),P:1e-59	Tpos:99.6,Tstd:53.9,Bpos:101.1,Bstd:66.4,StrandBias:-0.2,Multiplicity:1.04
0.601	0.056	0.238	0.105
0.001	0.997	0.001	0.001
0.958	0.001	0.040	0.001
0.030	0.120	0.058	0.792
0.106	0.045	0.125	0.724
0.001	0.997	0.001	0.001
0.001	0.743	0.255	0.001
0.239	0.001	0.543	0.217
>CTGCAGGC	20-CTGCAGGC	5.894934	-126.593503	0	T:1548.0(29.00%),B:8314.5(19.99%),P:1e-54	Tpos:102.7,Tstd:55.6,Bpos:100.5,Bstd:71.1,StrandBias:-0.1,Multiplicity:1.21
0.038	0.833	0.012	0.117
0.136	0.093	0.172	0.599
0.044	0.154	0.748	0.054
0.045	0.817	0.103	0.035
0.729	0.112	0.060	0.099
0.066	0.030	0.884	0.020
0.098	0.152	0.718	0.032
0.054	0.676	0.173	0.097
>CCCCCCCC	21-CCCCCCCC	7.786777	-121.146731	0	T:1018.0(19.07%),B:4900.6(11.78%),P:1e-52	Tpos:100.4,Tstd:57.5,Bpos:99.6,Bstd:68.2,StrandBias:-0.0,Multiplicity:1.30
0.001	0.997	0.001	0.001
0.026	0.941	0.001	0.032
0.108	0.699	0.001	0.192
0.064	0.792	0.001	0.143
0.068	0.858	0.001	0.073
0.091	0.799	0.001	0.109
0.018	0.909	0.001	0.072
0.001	0.997	0.001	0.001
>CCAGGGGG	22-CCAGGGGG	7.008978	-77.887447	0	T:905.0(16.95%),B:4707.5(11.32%),P:1e-33	Tpos:102.2,Tstd:55.0,Bpos:101.0,Bstd:66.0,StrandBias:0.1,Multiplicity:1.13
0.058	0.926	0.001	0.015
0.056	0.904	0.039	0.001
0.835	0.001	0.001	0.163
0.001	0.001	0.997	0.001
0.092	0.042	0.865	0.001
0.071	0.001	0.798	0.130
0.092	0.001	0.906	0.001
0.001	0.060	0.898	0.041
>GTTGTAAA	23-GTTGTAAA	8.508429	-42.042711	0	T:172.0(3.22%),B:632.2(1.52%),P:1e-18	Tpos:106.6,Tstd:54.7,Bpos:98.7,Bstd:72.4,StrandBias:0.2,Multiplicity:1.01
0.001	0.285	0.713	0.001
0.001	0.001	0.001	0.997
0.001	0.001	0.001	0.997
0.001	0.001	0.997	0.001
0.001	0.001	0.001	0.997
0.997	0.001	0.001	0.001
0.997	0.001	0.001	0.001
0.890	0.108	0.001	0.001
>CGGGCTAA	24-CGGGCTAA	8.236954	-33.609973	0	T:24.0(0.45%),B:21.4(0.05%),P:1e-14	Tpos:105.7,Tstd:61.7,Bpos:92.4,Bstd:65.6,StrandBias:-0.9,Multiplicity:1.06
0.100	0.700	0.100	0.100
0.100	0.100	0.700	0.100
0.100	0.100	0.700	0.100
0.100	0.100	0.700	0.100
0.100	0.700	0.100	0.100
0.100	0.100	0.100	0.700
0.700	0.100	0.100	0.100
0.700	0.100	0.100	0.100
>ATTTCGCT	25-ATTTCGCT	8.704563	-33.546093	0	T:177.0(3.32%),B:723.9(1.74%),P:1e-14	Tpos:101.0,Tstd:56.6,Bpos:98.7,Bstd:66.0,StrandBias:0.0,Multiplicity:1.03
0.997	0.001	0.001	0.001
0.001	0.001	0.001	0.997
0.001	0.001	0.001	0.997
0.001	0.001	0.001	0.997
0.001	0.997	0.001	0.001
0.347	0.001	0.651	0.001
0.001	0.997	0.001	0.001
0.270	0.001	0.001	0.728
