>BCTTTGAWST	1-BCTTTGAWST	6.562249	-1131.094134	0	T:2013.0(37.71%),B:5085.9(12.23%),P:1e-491	Tpos:99.4,Tstd:44.6,Bpos:99.2,Bstd:67.4,StrandBias:-0.0,Multiplicity:1.20
0.094	0.341	0.351	0.214
0.012	0.758	0.127	0.103
0.055	0.080	0.034	0.831
0.012	0.020	0.045	0.923
0.020	0.009	0.011	0.960
0.066	0.242	0.539	0.153
0.826	0.007	0.018	0.149
0.399	0.078	0.032	0.491
0.158	0.371	0.362	0.109
0.183	0.176	0.214	0.427
>VACATCTGGW	2-VACATCTGGW	6.778003	-1068.587361	0	T:2084.0(39.04%),B:5650.6(13.59%),P:1e-464	Tpos:98.8,Tstd:51.7,Bpos:100.7,Bstd:62.8,StrandBias:0.0,Multiplicity:1.24
0.271	0.334	0.248	0.147
0.591	0.236	0.126	0.047
0.005	0.913	0.081	0.001
0.983	0.001	0.009	0.007
0.001	0.056	0.231	0.712
0.190	0.650	0.159	0.001
0.003	0.004	0.007	0.986
0.004	0.010	0.971	0.015
0.035	0.158	0.580	0.227
0.351	0.194	0.066	0.390
>VCAGMTGBBH	3-VCAGMTGBBH	6.004973	-978.640215	0	T:2823.0(52.88%),B:10250.0(24.65%),P:1e-425	Tpos:100.6,Tstd:54.0,Bpos:100.8,Bstd:66.1,StrandBias:-0.1,Multiplicity:1.14
0.289	0.366	0.223	0.122
0.001	0.997	0.001	0.001
0.922	0.076	0.001	0.001
0.001	0.160	0.542	0.297
0.420	0.461	0.118	0.001
0.001	0.171	0.001	0.827
0.001	0.001	0.997	0.001
0.151	0.226	0.301	0.322
0.170	0.237	0.254	0.340
0.320	0.235	0.111	0.334
>CTAATTAGCN	4-CTAATTAGCN	5.415798	-852.796208	0	T:2073.0(38.83%),B:6447.1(15.50%),P:1e-370	Tpos:100.3,Tstd:50.4,Bpos:100.1,Bstd:71.2,StrandBias:0.0,Multiplicity:1.29
0.096	0.523	0.150	0.231
0.015	0.157	0.001	0.827
0.775	0.159	0.010	0.056
0.988	0.004	0.003	0.005
0.001	0.002	0.005	0.992
0.029	0.039	0.172	0.760
0.804	0.003	0.167	0.026
0.181	0.179	0.560	0.080
0.240	0.399	0.183	0.178
0.228	0.211	0.342	0.219
>TWAYGRSSYS	5-TWAYGRSSYS	5.088254	-673.341569	0	T:1779.0(33.33%),B:5669.7(13.63%),P:1e-292	Tpos:99.0,Tstd:53.1,Bpos:104.2,Bstd:67.6,StrandBias:-0.2,Multiplicity:1.09
0.187	0.039	0.070	0.704
0.511	0.057	0.029	0.403
0.995	0.001	0.002	0.002
0.134	0.339	0.054	0.472
0.240	0.106	0.435	0.219
0.455	0.084	0.418	0.043
0.113	0.324	0.378	0.186
0.083	0.402	0.278	0.238
0.178	0.326	0.096	0.400
0.117	0.398	0.291	0.194
>TGATTTATGG	6-TGATTTATGG	6.960867	-535.953484	0	T:1010.0(18.92%),B:2455.2(5.90%),P:1e-232	Tpos:101.0,Tstd:49.5,Bpos:100.2,Bstd:68.6,StrandBias:0.0,Multiplicity:1.09
0.239	0.034	0.137	0.590
0.093	0.046	0.803	0.058
0.751	0.028	0.027	0.194
0.104	0.001	0.030	0.865
0.061	0.001	0.069	0.869
0.061	0.008	0.147	0.784
0.931	0.025	0.043	0.001
0.024	0.177	0.040	0.759
0.138	0.059	0.625	0.178
0.363	0.065	0.519	0.053
>AATTAAHWGC	7-AATTAAHWGC	4.891332	-491.013383	0	T:2891.0(54.16%),B:13860.1(33.33%),P:1e-213	Tpos:101.5,Tstd:53.4,Bpos:99.9,Bstd:72.3,StrandBias:0.1,Multiplicity:1.36
0.413	0.217	0.215	0.155
0.567	0.038	0.129	0.266
0.055	0.022	0.048	0.875
0.241	0.052	0.041	0.666
0.656	0.028	0.057	0.259
0.740	0.217	0.030	0.013
0.237	0.347	0.091	0.325
0.335	0.090	0.195	0.379
0.124	0.279	0.519	0.078
0.027	0.669	0.153	0.151
>GCCSTTTGAW	8-GCCSTTTGAW	4.935631	-457.741683	0	T:2687.0(50.34%),B:12698.0(30.53%),P:1e-198	Tpos:99.9,Tstd:54.1,Bpos:99.7,Bstd:68.1,StrandBias:-0.0,Multiplicity:1.19
0.174	0.214	0.412	0.200
0.070	0.567	0.291	0.072
0.138	0.525	0.146	0.191
0.103	0.346	0.419	0.132
0.027	0.110	0.057	0.806
0.012	0.133	0.210	0.645
0.006	0.009	0.023	0.962
0.189	0.181	0.456	0.174
0.502	0.204	0.088	0.206
0.376	0.143	0.163	0.319
>YTTTGAMGTT	9-YTTTGAMGTT	6.430839	-345.164973	0	T:798.0(14.95%),B:2197.8(5.28%),P:1e-149	Tpos:107.2,Tstd:55.5,Bpos:100.3,Bstd:70.0,StrandBias:-0.1,Multiplicity:1.05
0.015	0.462	0.151	0.372
0.254	0.070	0.025	0.651
0.035	0.035	0.044	0.886
0.208	0.127	0.114	0.551
0.287	0.149	0.539	0.025
0.564	0.213	0.035	0.188
0.425	0.428	0.012	0.136
0.199	0.023	0.762	0.016
0.029	0.346	0.025	0.600
0.145	0.230	0.218	0.408
>ATTAATCACG	10-ATTAATCACG	6.345361	-249.390256	0	T:705.0(13.21%),B:2175.4(5.23%),P:1e-108	Tpos:100.7,Tstd:54.7,Bpos:96.0,Bstd:73.3,StrandBias:-0.1,Multiplicity:1.06
0.760	0.095	0.061	0.084
0.059	0.056	0.085	0.800
0.159	0.062	0.094	0.685
0.682	0.070	0.061	0.187
0.784	0.055	0.053	0.108
0.088	0.010	0.086	0.816
0.069	0.880	0.037	0.014
0.819	0.089	0.001	0.091
0.061	0.831	0.062	0.046
0.104	0.056	0.757	0.083
>GAAACCAGAB	11-GAAACCAGAB	6.957165	-222.657377	0	T:746.0(13.98%),B:2521.4(6.06%),P:1e-96	Tpos:100.4,Tstd:57.5,Bpos:100.5,Bstd:66.0,StrandBias:-0.0,Multiplicity:1.07
0.224	0.078	0.697	0.001
0.629	0.091	0.077	0.203
0.909	0.037	0.053	0.001
0.861	0.001	0.083	0.055
0.087	0.628	0.142	0.143
0.001	0.978	0.020	0.001
0.401	0.144	0.232	0.223
0.001	0.159	0.834	0.006
0.609	0.312	0.071	0.008
0.082	0.358	0.241	0.319
>GACAGGAAAT	12-GACAGGAAAT	8.377104	-153.929310	0	T:497.0(9.31%),B:1630.1(3.92%),P:1e-66	Tpos:98.3,Tstd:53.7,Bpos:99.3,Bstd:65.9,StrandBias:-0.1,Multiplicity:1.05
0.132	0.250	0.560	0.058
0.558	0.107	0.275	0.060
0.178	0.565	0.256	0.001
0.844	0.122	0.009	0.025
0.001	0.033	0.965	0.001
0.001	0.001	0.997	0.001
0.918	0.001	0.061	0.020
0.997	0.001	0.001	0.001
0.673	0.001	0.186	0.140
0.001	0.221	0.001	0.777
>GTTTTTCATT	13-GTTTTTCATT	9.610789	-127.779880	0	T:232.0(4.35%),B:526.9(1.27%),P:1e-55	Tpos:97.9,Tstd:52.5,Bpos:101.7,Bstd:67.8,StrandBias:0.4,Multiplicity:1.02
0.001	0.001	0.997	0.001
0.001	0.255	0.280	0.463
0.001	0.001	0.001	0.997
0.001	0.001	0.001	0.997
0.001	0.319	0.001	0.679
0.001	0.001	0.262	0.736
0.001	0.673	0.206	0.120
0.997	0.001	0.001	0.001
0.096	0.001	0.110	0.793
0.001	0.157	0.001	0.841
>CBCCAGGSGG	14-CBCCAGGSGG	6.126490	-116.068744	0	T:1457.0(27.29%),B:7843.4(18.86%),P:1e-50	Tpos:100.9,Tstd:53.5,Bpos:101.1,Bstd:69.0,StrandBias:0.0,Multiplicity:1.15
0.001	0.579	0.071	0.349
0.035	0.382	0.347	0.235
0.209	0.510	0.180	0.101
0.031	0.896	0.072	0.001
0.636	0.001	0.028	0.335
0.001	0.001	0.997	0.001
0.231	0.180	0.584	0.005
0.077	0.401	0.521	0.001
0.301	0.037	0.622	0.040
0.205	0.202	0.533	0.060
>AAATGTGCTB	15-AAATGTGCTB	7.942161	-96.154930	0	T:426.0(7.98%),B:1615.8(3.89%),P:1e-41	Tpos:105.0,Tstd:55.3,Bpos:98.2,Bstd:68.5,StrandBias:0.0,Multiplicity:1.02
0.475	0.162	0.231	0.132
0.855	0.129	0.001	0.015
0.997	0.001	0.001	0.001
0.118	0.001	0.001	0.880
0.001	0.001	0.997	0.001
0.196	0.124	0.001	0.679
0.001	0.001	0.997	0.001
0.001	0.608	0.185	0.206
0.050	0.001	0.129	0.820
0.001	0.288	0.367	0.344
>CTGTCAACAS	16-CTGTCAACAS	8.256325	-86.296698	0	T:296.0(5.55%),B:996.7(2.40%),P:1e-37	Tpos:94.9,Tstd:49.3,Bpos:97.1,Bstd:64.8,StrandBias:-0.1,Multiplicity:1.02
0.163	0.751	0.001	0.085
0.001	0.001	0.001	0.997
0.001	0.001	0.773	0.225
0.001	0.001	0.001	0.997
0.001	0.997	0.001	0.001
0.997	0.001	0.001	0.001
0.439	0.213	0.149	0.199
0.001	0.997	0.001	0.001
0.620	0.001	0.378	0.001
0.001	0.440	0.460	0.099
>CCCCCCCCCC	17-CCCCCCCCCC	6.404373	-82.464662	0	T:1545.0(28.94%),B:8982.2(21.60%),P:1e-35	Tpos:100.0,Tstd:57.0,Bpos:100.6,Bstd:70.5,StrandBias:0.1,Multiplicity:1.40
0.100	0.700	0.100	0.100
0.100	0.700	0.100	0.100
0.100	0.700	0.100	0.100
0.100	0.700	0.100	0.100
0.100	0.700	0.100	0.100
0.100	0.700	0.100	0.100
0.100	0.700	0.100	0.100
0.100	0.700	0.100	0.100
0.100	0.700	0.100	0.100
0.100	0.700	0.100	0.100
>AGGCGGCCTG	18-AGGCGGCCTG	6.543407	-82.034590	0	T:864.0(16.19%),B:4386.6(10.55%),P:1e-35	Tpos:102.0,Tstd:55.4,Bpos:101.5,Bstd:70.5,StrandBias:-0.1,Multiplicity:1.12
0.815	0.056	0.043	0.086
0.046	0.045	0.855	0.054
0.075	0.080	0.805	0.040
0.099	0.734	0.115	0.052
0.125	0.107	0.663	0.105
0.035	0.047	0.864	0.054
0.037	0.842	0.056	0.065
0.049	0.850	0.031	0.070
0.116	0.068	0.065	0.751
0.021	0.093	0.822	0.064
>GGCCATGTGT	19-GGCCATGTGT	10.405105	-73.048191	0	T:69.0(1.29%),B:84.7(0.20%),P:1e-31	Tpos:98.7,Tstd:53.9,Bpos:92.2,Bstd:56.5,StrandBias:0.4,Multiplicity:1.02
0.001	0.001	0.893	0.105
0.278	0.001	0.662	0.059
0.001	0.997	0.001	0.001
0.001	0.936	0.062	0.001
0.997	0.001	0.001	0.001
0.001	0.001	0.001	0.997
0.001	0.001	0.997	0.001
0.001	0.001	0.001	0.997
0.001	0.001	0.997	0.001
0.001	0.123	0.001	0.875
>ACATTTCACG	20-ACATTTCACG	6.977645	-65.040212	0	T:285.0(5.34%),B:1074.3(2.58%),P:1e-28	Tpos:104.1,Tstd:55.7,Bpos:98.3,Bstd:64.8,StrandBias:0.2,Multiplicity:1.03
0.768	0.046	0.103	0.083
0.059	0.778	0.107	0.056
0.775	0.102	0.038	0.085
0.048	0.083	0.043	0.826
0.022	0.076	0.041	0.861
0.097	0.081	0.057	0.765
0.076	0.805	0.064	0.055
0.810	0.081	0.045	0.064
0.055	0.841	0.065	0.039
0.111	0.051	0.776	0.062
>CCATGGCAAC	21-CCATGGCAAC	9.997124	-56.889638	0	T:87.0(1.63%),B:174.9(0.42%),P:1e-24	Tpos:92.8,Tstd:54.6,Bpos:100.6,Bstd:68.8,StrandBias:-0.5,Multiplicity:1.12
0.041	0.957	0.001	0.001
0.001	0.940	0.001	0.058
0.953	0.001	0.045	0.001
0.001	0.016	0.001	0.982
0.001	0.001	0.997	0.001
0.085	0.001	0.856	0.058
0.143	0.695	0.001	0.161
0.997	0.001	0.001	0.001
0.985	0.001	0.001	0.013
0.001	0.997	0.001	0.001
>TCGCCAAGTG	22-TCGCCAAGTG	10.909684	-38.398492	0	T:15.0(0.28%),B:4.2(0.01%),P:1e-16	Tpos:105.2,Tstd:47.5,Bpos:123.3,Bstd:26.9,StrandBias:1.3,Multiplicity:1.00
0.001	0.001	0.001	0.997
0.001	0.997	0.001	0.001
0.001	0.001	0.997	0.001
0.001	0.847	0.001	0.151
0.001	0.997	0.001	0.001
0.594	0.001	0.001	0.404
0.594	0.404	0.001	0.001
0.001	0.001	0.997	0.001
0.001	0.001	0.001	0.997
0.001	0.001	0.997	0.001
>TGGCGAGAAA	23-TGGCGAGAAA	10.744434	-37.684389	0	T:29.0(0.54%),B:28.1(0.07%),P:1e-16	Tpos:95.6,Tstd:60.1,Bpos:116.2,Bstd:49.2,StrandBias:-1.9,Multiplicity:1.21
0.001	0.404	0.001	0.594
0.404	0.001	0.594	0.001
0.001	0.001	0.997	0.001
0.001	0.997	0.001	0.001
0.128	0.001	0.870	0.001
0.997	0.001	0.001	0.001
0.001	0.001	0.997	0.001
0.997	0.001	0.001	0.001
0.997	0.001	0.001	0.001
0.997	0.001	0.001	0.001
>AATCACGRAA	24-AATCACGRAA	10.932031	-28.926168	0	T:13.0(0.24%),B:5.6(0.01%),P:1e-12	Tpos:94.7,Tstd:55.6,Bpos:48.5,Bstd:52.5,StrandBias:-10.0,Multiplicity:1.50
0.900	0.003	0.001	0.096
0.951	0.047	0.001	0.001
0.111	0.048	0.001	0.840
0.096	0.656	0.241	0.007
0.902	0.001	0.096	0.001
0.001	0.997	0.001	0.001
0.001	0.001	0.997	0.001
0.516	0.003	0.480	0.001
0.903	0.095	0.001	0.001
0.737	0.006	0.145	0.112
>TAGCAAGCCG	25-TAGCAAGCCG	10.378273	-27.541827	0	T:14.0(0.26%),B:7.3(0.02%),P:1e-11	Tpos:90.5,Tstd:58.8,Bpos:128.8,Bstd:33.8,StrandBias:0.2,Multiplicity:1.00
0.001	0.094	0.001	0.904
0.997	0.001	0.001	0.001
0.001	0.001	0.997	0.001
0.001	0.997	0.001	0.001
0.997	0.001	0.001	0.001
0.775	0.223	0.001	0.001
0.001	0.001	0.775	0.223
0.223	0.553	0.001	0.223
0.001	0.997	0.001	0.001
0.001	0.001	0.997	0.001
