>TAATCAATTCCA	11-TGGAATTGATTA	8.535114	-486.351784	0	T:824.0(5.15%),B:450.6(1.41%),P:1e-211
0.134	0.102	0.001	0.763
0.901	0.034	0.024	0.041
0.961	0.037	0.001	0.001
0.060	0.053	0.044	0.843
0.097	0.636	0.091	0.176
0.707	0.123	0.160	0.010
0.695	0.046	0.092	0.167
0.059	0.031	0.031	0.879
0.112	0.028	0.029	0.831
0.039	0.786	0.086	0.089
0.012	0.968	0.001	0.019
0.908	0.036	0.005	0.051
