>GTGATTTATGRC	3-GTGATTTATGRC	7.283647	-1765.380972	0	T:2989.0(18.70%),B:1714.3(5.36%),P:1e-766
0.229	0.178	0.438	0.155
0.179	0.011	0.095	0.715
0.089	0.042	0.793	0.076
0.778	0.039	0.025	0.158
0.049	0.004	0.020	0.927
0.043	0.007	0.017	0.933
0.117	0.023	0.056	0.804
0.963	0.016	0.016	0.005
0.039	0.068	0.018	0.875
0.185	0.020	0.521	0.274
0.351	0.058	0.477	0.114
0.182	0.474	0.220	0.123
