>CTGTCARCACCT	12-AGGTGYTGACAG	8.224448	-411.136554	0	T:987.0(6.17%),B:692.1(2.16%),P:1e-178
0.134	0.684	0.028	0.154
0.065	0.005	0.001	0.929
0.035	0.062	0.666	0.237
0.019	0.047	0.015	0.919
0.068	0.792	0.057	0.083
0.924	0.026	0.004	0.046
0.358	0.107	0.332	0.204
0.043	0.899	0.044	0.014
0.798	0.068	0.037	0.097
0.095	0.613	0.242	0.050
0.113	0.498	0.069	0.320
0.203	0.198	0.087	0.512
