>TAACACGTCATT	16-TAACACGTCATT	7.546090	-259.659941	0	T:1005.0(6.29%),B:911.4(2.85%),P:1e-112
0.134	0.106	0.068	0.692
0.741	0.098	0.084	0.077
0.839	0.051	0.071	0.039
0.095	0.784	0.051	0.070
0.886	0.049	0.005	0.060
0.158	0.584	0.103	0.155
0.174	0.204	0.402	0.220
0.058	0.047	0.063	0.832
0.080	0.796	0.056	0.068
0.835	0.071	0.005	0.089
0.068	0.071	0.038	0.823
0.071	0.084	0.063	0.782
