>TGGAATTGATTA	11-TGGAATTGATTA,BestGuess:Pax7(Paired,Homeobox)/Myoblast-Pax7-ChIP-Seq(GSE25064)/Homer(0.752)	8.535114	-486.351784	0	T:824.0(5.15%),B:450.6(1.41%),P:1e-211
0.051	0.005	0.036	0.908
0.019	0.001	0.968	0.012
0.089	0.086	0.786	0.039
0.831	0.029	0.028	0.112
0.879	0.031	0.031	0.059
0.167	0.092	0.046	0.695
0.010	0.160	0.123	0.707
0.176	0.091	0.636	0.097
0.843	0.044	0.053	0.060
0.001	0.001	0.037	0.961
0.041	0.024	0.034	0.901
0.763	0.001	0.102	0.134
