>CCACATGTGKHN	20-CCACATGTGKHN	7.132714	-144.548991	0	T:297.0(1.86%),B:187.6(0.59%),P:1e-62
0.216	0.380	0.201	0.203
0.259	0.542	0.062	0.137
0.582	0.143	0.083	0.192
0.229	0.709	0.035	0.027
0.720	0.216	0.013	0.051
0.099	0.020	0.211	0.670
0.050	0.104	0.620	0.226
0.188	0.042	0.198	0.572
0.115	0.001	0.587	0.297
0.164	0.213	0.381	0.241
0.241	0.233	0.151	0.375
0.323	0.222	0.207	0.249
