>TGCCATGGCAAC	23-GTTGCCATGGCA	9.336868	-86.437462	0	T:261.0(1.63%),B:209.9(0.66%),P:1e-37
0.091	0.175	0.001	0.733
0.165	0.104	0.520	0.211
0.022	0.885	0.034	0.059
0.001	0.904	0.001	0.094
0.871	0.044	0.048	0.037
0.001	0.014	0.110	0.875
0.089	0.001	0.903	0.007
0.060	0.029	0.862	0.049
0.201	0.509	0.122	0.168
0.713	0.059	0.227	0.001
0.944	0.001	0.029	0.026
0.007	0.829	0.022	0.142
