>TTAAAAGGCGCC	7-TTAAAAGGCGCC	4.394365	-1074.201156	0	T:5850.0(36.60%),B:6613.6(20.68%),P:1e-466
0.075	0.023	0.028	0.874
0.072	0.051	0.062	0.815
0.774	0.114	0.040	0.072
0.863	0.045	0.058	0.034
0.898	0.023	0.034	0.045
0.909	0.023	0.045	0.023
0.101	0.011	0.882	0.006
0.028	0.076	0.856	0.040
0.094	0.752	0.089	0.065
0.135	0.092	0.661	0.112
0.023	0.878	0.062	0.037
0.049	0.846	0.011	0.094
