>ATTTACGAGGTG	13-ATTTACGAGGTG	9.813565	-375.018739	0	T:266.0(1.66%),B:54.8(0.17%),P:1e-162
0.729	0.056	0.052	0.163
0.038	0.017	0.035	0.910
0.012	0.012	0.017	0.959
0.072	0.023	0.035	0.870
0.846	0.029	0.093	0.032
0.074	0.664	0.125	0.137
0.205	0.079	0.648	0.068
0.936	0.006	0.035	0.023
0.038	0.050	0.818	0.094
0.023	0.122	0.826	0.029
0.041	0.023	0.047	0.889
0.029	0.041	0.913	0.017
