>CKCCCWGCAGGG	19-CKCCCWGCAGGG	8.150699	-206.551318	0	T:1078.0(6.74%),B:1108.5(3.47%),P:1e-89
0.183	0.399	0.228	0.190
0.157	0.201	0.248	0.394
0.007	0.716	0.230	0.047
0.172	0.592	0.006	0.230
0.018	0.978	0.003	0.001
0.468	0.042	0.027	0.463
0.011	0.184	0.792	0.013
0.063	0.755	0.181	0.001
0.732	0.032	0.047	0.189
0.022	0.001	0.933	0.044
0.168	0.082	0.699	0.051
0.172	0.271	0.441	0.116
