>GAGCGCTAATTG	18-GAGCGCTAATTG	8.202204	-237.040525	0	T:356.0(2.23%),B:175.8(0.55%),P:1e-102
0.071	0.044	0.842	0.043
0.852	0.050	0.028	0.070
0.042	0.036	0.837	0.085
0.143	0.644	0.122	0.091
0.133	0.142	0.631	0.094
0.071	0.800	0.050	0.079
0.018	0.056	0.001	0.925
0.863	0.014	0.081	0.042
0.943	0.001	0.014	0.042
0.070	0.028	0.065	0.837
0.014	0.014	0.001	0.971
0.085	0.028	0.831	0.056
