>GCTTTAATCACC	24-GCTTTAATCACC	10.214365	-84.047554	0	T:48.0(0.30%),B:7.3(0.02%),P:1e-36
0.114	0.090	0.728	0.068
0.058	0.829	0.057	0.056
0.048	0.079	0.023	0.850
0.023	0.056	0.045	0.876
0.086	0.045	0.079	0.790
0.861	0.047	0.068	0.024
0.830	0.034	0.102	0.034
0.045	0.045	0.069	0.841
0.068	0.876	0.045	0.011
0.909	0.056	0.001	0.034
0.092	0.774	0.068	0.066
0.017	0.836	0.068	0.079
