>CTAATTAGCCAG	9-CTAATTAGCCAG	7.453242	-563.394114	0	T:1595.0(9.98%),B:1246.5(3.90%),P:1e-244
0.124	0.571	0.094	0.211
0.194	0.182	0.001	0.623
0.729	0.185	0.010	0.076
0.921	0.034	0.001	0.044
0.014	0.001	0.016	0.969
0.069	0.107	0.133	0.691
0.735	0.001	0.084	0.180
0.082	0.174	0.630	0.114
0.153	0.574	0.129	0.144
0.139	0.859	0.001	0.001
0.871	0.001	0.001	0.127
0.081	0.104	0.753	0.062
