>GCCAGGTGTTAA	17-GCCAGGTGTTAA	6.794548	-249.719939	0	T:532.0(3.33%),B:343.6(1.07%),P:1e-108
0.193	0.162	0.461	0.184
0.146	0.532	0.182	0.140
0.166	0.675	0.074	0.085
0.702	0.075	0.028	0.195
0.140	0.052	0.625	0.183
0.139	0.146	0.577	0.138
0.184	0.029	0.165	0.622
0.097	0.126	0.617	0.160
0.138	0.146	0.129	0.587
0.138	0.178	0.177	0.507
0.523	0.160	0.136	0.181
0.472	0.166	0.190	0.172
