>ATTTACAGCCYG	10-ATTTACAGCCYG	5.292079	-528.880414	0	T:4838.0(30.27%),B:6242.9(19.52%),P:1e-229
0.415	0.179	0.201	0.204
0.196	0.246	0.135	0.423
0.060	0.102	0.071	0.767
0.088	0.103	0.118	0.691
0.686	0.118	0.097	0.099
0.055	0.825	0.084	0.036
0.677	0.135	0.123	0.065
0.044	0.088	0.841	0.027
0.061	0.790	0.101	0.048
0.083	0.652	0.212	0.053
0.162	0.383	0.186	0.269
0.153	0.183	0.471	0.192
