>RAGGCAATTAAH	6-RAGGCAATTAAH	6.118421	-1290.094757	0	T:5389.0(33.71%),B:5474.1(17.11%),P:1e-560
0.272	0.215	0.381	0.131
0.472	0.098	0.192	0.237
0.321	0.002	0.532	0.145
0.001	0.097	0.901	0.001
0.043	0.710	0.040	0.207
0.651	0.230	0.004	0.115
0.694	0.051	0.115	0.140
0.004	0.001	0.011	0.984
0.125	0.008	0.005	0.862
0.697	0.028	0.049	0.226
0.545	0.193	0.128	0.134
0.350	0.258	0.122	0.270
