#plotCorrelation --outFileCorMatrix
	'H3K27Ac_FL_E10.5+C59+6h_rep2'	'H3K27Ac_FL_E10.5+C59+6h_rep1'	'H3K27Ac_FL_E10.5+DMSO+6h_rep1'	'H3K27Ac_FL_E10.5+DMSO+6h_rep2'	'b-Catenin_FL_E10.5+DMSO+6h_rep1'	'b-Catenin_FL_E10.5+DMSO+6h_rep2'	'b-Catenin_FL_E10.5+C59+6h_rep1'	'b-Catenin_FL_E10.5+C59+6h_rep2'
'H3K27Ac_FL_E10.5+C59+6h_rep2'	1.0000	0.9882	0.9803	0.9811	0.2818	0.2864	0.1797	0.1905
'H3K27Ac_FL_E10.5+C59+6h_rep1'	0.9882	1.0000	0.9819	0.9830	0.2702	0.2746	0.1641	0.1750
'H3K27Ac_FL_E10.5+DMSO+6h_rep1'	0.9803	0.9819	1.0000	0.9886	0.2760	0.2807	0.1655	0.1765
'H3K27Ac_FL_E10.5+DMSO+6h_rep2'	0.9811	0.9830	0.9886	1.0000	0.2726	0.2772	0.1623	0.1734
'b-Catenin_FL_E10.5+DMSO+6h_rep1'	0.2818	0.2702	0.2760	0.2726	1.0000	0.8449	0.5859	0.5953
'b-Catenin_FL_E10.5+DMSO+6h_rep2'	0.2864	0.2746	0.2807	0.2772	0.8449	1.0000	0.5858	0.5959
'b-Catenin_FL_E10.5+C59+6h_rep1'	0.1797	0.1641	0.1655	0.1623	0.5859	0.5858	1.0000	0.7268
'b-Catenin_FL_E10.5+C59+6h_rep2'	0.1905	0.1750	0.1765	0.1734	0.5953	0.5959	0.7268	1.0000
