>ACWTCAAAGG	1-ACWTCAAAGG	7.153170	-3781.157167	0	T:4473.0(32.91%),B:2498.3(7.32%),P:1e-1642	Tpos:99.6,Tstd:43.5,Bpos:101.2,Bstd:66.2,StrandBias:-0.0,Multiplicity:1.16
0.714	0.043	0.149	0.094
0.035	0.533	0.363	0.069
0.509	0.022	0.021	0.448
0.021	0.001	0.002	0.976
0.033	0.869	0.068	0.030
0.991	0.001	0.002	0.006
0.984	0.005	0.008	0.003
0.969	0.003	0.013	0.015
0.067	0.048	0.877	0.008
0.168	0.171	0.638	0.023
>NCSCTTTGAT	2-NCSCTTTGAT	6.108599	-2718.494649	0	T:6358.0(46.78%),B:6450.6(18.91%),P:1e-1180	Tpos:99.4,Tstd:53.0,Bpos:102.5,Bstd:63.7,StrandBias:-0.1,Multiplicity:1.10
0.182	0.240	0.313	0.265
0.109	0.480	0.285	0.126
0.175	0.321	0.335	0.169
0.107	0.642	0.141	0.110
0.001	0.001	0.001	0.997
0.001	0.147	0.001	0.851
0.001	0.001	0.001	0.997
0.047	0.281	0.671	0.001
0.733	0.084	0.020	0.163
0.225	0.165	0.146	0.464
>BTAATTAGCN	3-BTAATTAGCN	4.855152	-2299.753172	0	T:5858.0(43.10%),B:6132.7(17.98%),P:1e-998	Tpos:100.6,Tstd:51.3,Bpos:99.9,Bstd:71.6,StrandBias:0.0,Multiplicity:1.34
0.035	0.300	0.352	0.314
0.001	0.059	0.001	0.939
0.975	0.023	0.001	0.001
0.997	0.001	0.001	0.001
0.001	0.001	0.001	0.997
0.001	0.001	0.167	0.831
0.938	0.001	0.060	0.001
0.259	0.237	0.500	0.004
0.227	0.427	0.188	0.158
0.213	0.264	0.228	0.295
>NAMCAKCTGK	4-NAMCAKCTGK	6.462346	-2200.565155	0	T:5058.0(37.22%),B:4861.5(14.25%),P:1e-955	Tpos:100.4,Tstd:52.7,Bpos:100.4,Bstd:64.4,StrandBias:-0.0,Multiplicity:1.24
0.334	0.210	0.257	0.199
0.497	0.226	0.168	0.109
0.455	0.379	0.151	0.016
0.001	0.987	0.003	0.009
0.980	0.011	0.007	0.002
0.001	0.073	0.532	0.394
0.325	0.556	0.104	0.015
0.043	0.072	0.010	0.875
0.004	0.024	0.933	0.039
0.015	0.153	0.474	0.358
>CMATAAATCA	5-CMATAAATCA	6.384797	-1888.779573	0	T:4914.0(36.16%),B:5051.4(14.81%),P:1e-820	Tpos:100.3,Tstd:51.4,Bpos:100.5,Bstd:69.1,StrandBias:0.1,Multiplicity:1.20
0.060	0.521	0.112	0.307
0.349	0.427	0.033	0.190
0.638	0.037	0.261	0.064
0.001	0.007	0.001	0.991
0.540	0.122	0.001	0.337
0.871	0.059	0.001	0.069
0.937	0.023	0.009	0.031
0.198	0.096	0.039	0.667
0.085	0.686	0.020	0.209
0.583	0.238	0.018	0.161
>TCATTAVNNS	6-TCATTAVNNS	5.689754	-1698.934485	0	T:7067.0(52.00%),B:9627.1(28.22%),P:1e-737	Tpos:99.7,Tstd:53.9,Bpos:100.8,Bstd:67.9,StrandBias:0.0,Multiplicity:1.18
0.014	0.385	0.034	0.567
0.011	0.600	0.118	0.271
0.997	0.001	0.001	0.001
0.001	0.001	0.001	0.997
0.270	0.001	0.001	0.728
0.799	0.001	0.001	0.199
0.379	0.254	0.291	0.075
0.274	0.306	0.259	0.162
0.228	0.199	0.268	0.305
0.076	0.325	0.391	0.207
>TAATBRSCTC	7-TAATBRSCTC	6.111227	-1279.394757	0	T:3932.0(28.93%),B:4291.1(12.58%),P:1e-555	Tpos:102.4,Tstd:54.8,Bpos:102.0,Bstd:67.8,StrandBias:-0.1,Multiplicity:1.05
0.270	0.001	0.001	0.728
0.638	0.001	0.001	0.360
0.997	0.001	0.001	0.001
0.177	0.129	0.132	0.562
0.092	0.249	0.316	0.342
0.452	0.001	0.448	0.099
0.120	0.376	0.420	0.083
0.225	0.751	0.018	0.006
0.354	0.131	0.001	0.514
0.119	0.459	0.248	0.174
>CGTGATTAAT	8-CGTGATTAAT	4.860653	-1226.798232	0	T:4926.0(36.24%),B:6233.9(18.27%),P:1e-532	Tpos:98.1,Tstd:54.8,Bpos:101.7,Bstd:70.3,StrandBias:-0.0,Multiplicity:1.10
0.151	0.471	0.203	0.176
0.138	0.171	0.569	0.122
0.132	0.124	0.146	0.598
0.153	0.162	0.520	0.165
0.585	0.120	0.131	0.164
0.108	0.116	0.109	0.667
0.163	0.095	0.111	0.631
0.647	0.107	0.108	0.138
0.693	0.094	0.109	0.104
0.144	0.135	0.102	0.619
>GGCCTTTTAA	9-GGCCTTTTAA	4.849979	-1076.520294	0	T:7575.0(55.74%),B:12343.4(36.18%),P:1e-467	Tpos:99.8,Tstd:54.3,Bpos:101.0,Bstd:68.9,StrandBias:-0.1,Multiplicity:1.34
0.115	0.108	0.670	0.107
0.147	0.119	0.626	0.108
0.090	0.705	0.118	0.087
0.111	0.696	0.083	0.110
0.117	0.133	0.060	0.690
0.107	0.092	0.103	0.698
0.085	0.037	0.122	0.756
0.114	0.106	0.127	0.653
0.712	0.092	0.101	0.095
0.790	0.065	0.026	0.119
>CTKTCAWCAC	10-CTKTCAWCAC	8.348786	-666.281712	0	T:1416.0(10.42%),B:1166.1(3.42%),P:1e-289	Tpos:101.2,Tstd:49.5,Bpos:97.0,Bstd:62.9,StrandBias:-0.1,Multiplicity:1.03
0.117	0.700	0.001	0.182
0.001	0.001	0.001	0.997
0.001	0.001	0.554	0.444
0.001	0.001	0.001	0.997
0.001	0.858	0.125	0.016
0.997	0.001	0.001	0.001
0.395	0.078	0.116	0.411
0.001	0.997	0.001	0.001
0.663	0.001	0.103	0.233
0.001	0.543	0.280	0.176
>CGGCTGTAAA	11-CGGCTGTAAA	5.181848	-653.840214	0	T:4849.0(35.68%),B:7535.4(22.09%),P:1e-283	Tpos:99.4,Tstd:55.0,Bpos:99.1,Bstd:68.2,StrandBias:0.1,Multiplicity:1.16
0.157	0.591	0.145	0.107
0.158	0.094	0.625	0.123
0.084	0.100	0.743	0.073
0.072	0.761	0.072	0.095
0.120	0.072	0.057	0.751
0.128	0.069	0.707	0.096
0.095	0.127	0.105	0.673
0.656	0.132	0.094	0.118
0.803	0.071	0.068	0.058
0.693	0.091	0.088	0.128
>TAAWTTACHC	12-TAAWTTACHC	6.605761	-577.783366	0	T:3016.0(22.19%),B:4040.1(11.84%),P:1e-250	Tpos:101.5,Tstd:54.1,Bpos:99.4,Bstd:70.9,StrandBias:-0.1,Multiplicity:1.09
0.001	0.376	0.001	0.622
0.997	0.001	0.001	0.001
0.997	0.001	0.001	0.001
0.429	0.001	0.001	0.569
0.001	0.001	0.001	0.997
0.001	0.104	0.142	0.753
0.592	0.053	0.354	0.001
0.081	0.548	0.281	0.090
0.302	0.337	0.001	0.360
0.149	0.459	0.167	0.225
>WATKADGTGY	13-WATKADGTGY	8.024536	-509.684343	0	T:1232.0(9.06%),B:1098.1(3.22%),P:1e-221	Tpos:101.4,Tstd:51.8,Bpos:101.9,Bstd:65.2,StrandBias:-0.1,Multiplicity:1.02
0.366	0.074	0.206	0.355
0.909	0.001	0.089	0.001
0.029	0.001	0.023	0.947
0.001	0.001	0.514	0.484
0.748	0.024	0.227	0.001
0.319	0.001	0.398	0.282
0.001	0.260	0.738	0.001
0.001	0.103	0.001	0.895
0.001	0.062	0.936	0.001
0.141	0.440	0.035	0.383
>CCKTTTGAWC	14-CCKTTTGAWC	9.635214	-445.042995	0	T:318.0(2.34%),B:82.3(0.24%),P:1e-193	Tpos:106.9,Tstd:50.5,Bpos:102.5,Bstd:63.0,StrandBias:0.0,Multiplicity:1.00
0.142	0.854	0.001	0.003
0.001	0.737	0.119	0.143
0.001	0.119	0.463	0.417
0.142	0.119	0.001	0.738
0.001	0.001	0.001	0.997
0.118	0.001	0.001	0.880
0.001	0.001	0.997	0.001
0.997	0.001	0.001	0.001
0.417	0.001	0.078	0.504
0.001	0.997	0.001	0.001
>CCCTGCTGTG	15-CCCTGCTGTG	7.760360	-406.992433	0	T:1306.0(9.61%),B:1368.9(4.01%),P:1e-176	Tpos:102.9,Tstd:49.4,Bpos:96.9,Bstd:69.8,StrandBias:-0.1,Multiplicity:1.06
0.097	0.483	0.235	0.185
0.001	0.972	0.026	0.001
0.223	0.775	0.001	0.001
0.118	0.291	0.045	0.546
0.207	0.001	0.742	0.050
0.001	0.758	0.001	0.240
0.001	0.049	0.159	0.791
0.034	0.001	0.964	0.001
0.138	0.224	0.162	0.476
0.057	0.001	0.571	0.371
>TAATTGAAAC	16-TAATTGAAAC	6.875635	-358.828911	0	T:1111.0(8.17%),B:1138.3(3.34%),P:1e-155	Tpos:97.9,Tstd:57.4,Bpos:98.9,Bstd:73.4,StrandBias:-0.0,Multiplicity:1.03
0.313	0.066	0.086	0.535
0.562	0.002	0.318	0.118
0.797	0.006	0.010	0.187
0.087	0.006	0.299	0.608
0.066	0.009	0.290	0.635
0.173	0.174	0.509	0.144
0.588	0.208	0.003	0.201
0.626	0.003	0.272	0.099
0.538	0.132	0.304	0.026
0.226	0.638	0.092	0.044
>DGCCBCWGGC	17-DGCCBCWGGC	5.737437	-344.702216	0	T:2800.0(20.60%),B:4298.2(12.60%),P:1e-149	Tpos:100.0,Tstd:55.7,Bpos:98.8,Bstd:74.4,StrandBias:0.0,Multiplicity:1.11
0.255	0.064	0.401	0.280
0.077	0.266	0.582	0.075
0.025	0.856	0.102	0.017
0.301	0.453	0.078	0.167
0.135	0.245	0.268	0.352
0.023	0.590	0.299	0.088
0.258	0.250	0.084	0.408
0.056	0.163	0.712	0.069
0.148	0.061	0.735	0.056
0.050	0.539	0.246	0.165
>TAATGTGCCG	18-TAATGTGCCG	5.261623	-315.713199	0	T:2146.0(15.79%),B:3092.9(9.07%),P:1e-137	Tpos:101.7,Tstd:54.8,Bpos:101.8,Bstd:68.2,StrandBias:-0.2,Multiplicity:1.06
0.151	0.086	0.107	0.656
0.713	0.096	0.083	0.108
0.745	0.091	0.097	0.067
0.110	0.064	0.078	0.748
0.087	0.128	0.699	0.086
0.107	0.074	0.077	0.742
0.075	0.096	0.726	0.103
0.103	0.673	0.127	0.097
0.128	0.658	0.091	0.123
0.148	0.115	0.640	0.097
>TTAACDAGSD	19-TTAACDAGSD	7.632538	-289.239297	0	T:758.0(5.58%),B:703.1(2.06%),P:1e-125	Tpos:96.4,Tstd:52.2,Bpos:104.9,Bstd:68.4,StrandBias:0.1,Multiplicity:1.03
0.041	0.139	0.015	0.805
0.028	0.007	0.021	0.944
0.699	0.029	0.018	0.254
0.936	0.045	0.009	0.010
0.126	0.679	0.102	0.093
0.321	0.066	0.333	0.280
0.964	0.015	0.007	0.014
0.001	0.032	0.949	0.018
0.179	0.404	0.256	0.161
0.231	0.100	0.350	0.319
>CCCCAGGGGG	20-CCCCAGGGGG	6.314258	-248.824314	0	T:2696.0(19.84%),B:4447.0(13.03%),P:1e-108	Tpos:100.8,Tstd:54.6,Bpos:98.7,Bstd:65.2,StrandBias:-0.0,Multiplicity:1.14
0.019	0.625	0.107	0.249
0.050	0.567	0.161	0.222
0.145	0.599	0.200	0.056
0.038	0.916	0.008	0.038
0.559	0.001	0.109	0.331
0.013	0.016	0.970	0.001
0.221	0.091	0.685	0.003
0.219	0.098	0.682	0.001
0.258	0.041	0.697	0.004
0.236	0.133	0.543	0.088
>AMCACATGTG	21-AMCACATGTG	9.767050	-245.443784	0	T:396.0(2.91%),B:260.9(0.76%),P:1e-106	Tpos:99.3,Tstd:53.1,Bpos:99.7,Bstd:61.4,StrandBias:-0.2,Multiplicity:1.00
0.878	0.001	0.001	0.120
0.367	0.453	0.179	0.001
0.001	0.997	0.001	0.001
0.997	0.001	0.001	0.001
0.001	0.997	0.001	0.001
0.997	0.001	0.001	0.001
0.001	0.001	0.001	0.997
0.039	0.168	0.734	0.059
0.001	0.288	0.001	0.710
0.001	0.248	0.612	0.139
>GGGGGAGGGG	22-GGGGGAGGGG	8.951544	-198.204944	0	T:1067.0(7.85%),B:1396.1(4.09%),P:1e-86	Tpos:99.5,Tstd:58.0,Bpos:100.6,Bstd:62.2,StrandBias:0.1,Multiplicity:1.16
0.001	0.015	0.983	0.001
0.001	0.001	0.997	0.001
0.164	0.098	0.705	0.033
0.001	0.001	0.997	0.001
0.093	0.107	0.799	0.001
0.793	0.001	0.001	0.205
0.151	0.001	0.779	0.069
0.029	0.030	0.912	0.029
0.045	0.083	0.799	0.073
0.073	0.333	0.593	0.001
>CCACTTCAAA	23-CCACTTCAAA	10.296193	-95.907029	0	T:62.0(0.46%),B:14.5(0.04%),P:1e-41	Tpos:102.8,Tstd:45.1,Bpos:73.8,Bstd:30.6,StrandBias:0.0,Multiplicity:1.00
0.100	0.700	0.100	0.100
0.100	0.700	0.100	0.100
0.700	0.100	0.100	0.100
0.100	0.700	0.100	0.100
0.100	0.100	0.100	0.700
0.100	0.100	0.100	0.700
0.100	0.700	0.100	0.100
0.700	0.100	0.100	0.100
0.700	0.100	0.100	0.100
0.700	0.100	0.100	0.100
>CCATGGCAAC	24-CCATGGCAAC	7.674186	-77.595586	0	T:216.0(1.59%),B:208.3(0.61%),P:1e-33	Tpos:95.9,Tstd:57.7,Bpos:106.7,Bstd:59.7,StrandBias:-0.3,Multiplicity:1.11
0.001	0.997	0.001	0.001
0.001	0.734	0.001	0.264
0.933	0.001	0.065	0.001
0.001	0.001	0.001	0.997
0.042	0.001	0.956	0.001
0.001	0.001	0.997	0.001
0.202	0.548	0.001	0.249
0.997	0.001	0.001	0.001
0.997	0.001	0.001	0.001
0.001	0.997	0.001	0.001
>GCAGATCACA	25-GCAGATCACA	10.296193	-23.673927	0	T:17.0(0.13%),B:5.6(0.02%),P:1e-10	Tpos:84.8,Tstd:43.8,Bpos:112.6,Bstd:44.8,StrandBias:1.1,Multiplicity:1.00
0.100	0.100	0.700	0.100
0.100	0.700	0.100	0.100
0.700	0.100	0.100	0.100
0.100	0.100	0.700	0.100
0.700	0.100	0.100	0.100
0.100	0.100	0.100	0.700
0.100	0.700	0.100	0.100
0.700	0.100	0.100	0.100
0.100	0.700	0.100	0.100
0.700	0.100	0.100	0.100
>CCTTTGAWSTBN	1-CCTTTGAWSTBN	8.288573	-3701.163919	0	T:3544.0(26.08%),B:1514.2(4.44%),P:1e-1607	Tpos:99.3,Tstd:42.1,Bpos:102.5,Bstd:64.3,StrandBias:0.1,Multiplicity:1.11
0.092	0.463	0.235	0.211
0.001	0.855	0.002	0.142
0.001	0.001	0.001	0.997
0.001	0.001	0.001	0.997
0.001	0.001	0.001	0.997
0.016	0.198	0.765	0.021
0.929	0.001	0.001	0.069
0.436	0.001	0.002	0.561
0.088	0.414	0.429	0.070
0.222	0.167	0.001	0.610
0.170	0.280	0.204	0.345
0.229	0.256	0.216	0.299
>TTAATKRNNNNN	2-TTAATKRNNNNN	5.974533	-2458.257700	0	T:8583.0(63.15%),B:11488.8(33.67%),P:1e-1067	Tpos:100.9,Tstd:52.1,Bpos:101.0,Bstd:70.8,StrandBias:-0.0,Multiplicity:1.48
0.164	0.244	0.187	0.405
0.104	0.001	0.001	0.894
0.681	0.001	0.001	0.317
0.997	0.001	0.001	0.001
0.001	0.001	0.001	0.997
0.008	0.001	0.435	0.556
0.557	0.001	0.415	0.027
0.282	0.234	0.300	0.184
0.246	0.274	0.234	0.246
0.246	0.251	0.192	0.310
0.238	0.275	0.228	0.259
0.244	0.239	0.223	0.293
>TAATTAAAAMCA	3-TAATTAAAAMCA	6.962111	-2222.509129	0	T:4696.0(34.55%),B:4232.3(12.41%),P:1e-965	Tpos:100.5,Tstd:52.3,Bpos:100.6,Bstd:67.6,StrandBias:0.1,Multiplicity:1.21
0.282	0.077	0.001	0.640
0.706	0.035	0.164	0.095
0.997	0.001	0.001	0.001
0.001	0.015	0.046	0.938
0.134	0.132	0.235	0.499
0.538	0.050	0.301	0.111
0.501	0.174	0.312	0.013
0.480	0.106	0.121	0.293
0.438	0.124	0.168	0.269
0.332	0.382	0.188	0.097
0.014	0.984	0.001	0.001
0.986	0.001	0.001	0.012
>WWCCAGATGTKN	4-WWCCAGATGTKN	6.687023	-2008.900744	0	T:3711.0(27.30%),B:2956.5(8.67%),P:1e-872	Tpos:100.6,Tstd:52.0,Bpos:100.5,Bstd:63.3,StrandBias:-0.0,Multiplicity:1.14
0.423	0.167	0.134	0.276
0.403	0.098	0.189	0.310
0.294	0.595	0.108	0.003
0.001	0.997	0.001	0.001
0.997	0.001	0.001	0.001
0.001	0.059	0.909	0.031
0.751	0.238	0.010	0.001
0.001	0.001	0.001	0.997
0.001	0.001	0.997	0.001
0.001	0.057	0.064	0.878
0.008	0.128	0.435	0.430
0.185	0.212	0.284	0.319
>NACTTCAAAGGV	5-NACTTCAAAGGV	7.248642	-1905.975375	0	T:3357.0(24.70%),B:2553.5(7.48%),P:1e-827	Tpos:100.1,Tstd:50.8,Bpos:101.5,Bstd:65.0,StrandBias:0.1,Multiplicity:1.05
0.274	0.259	0.241	0.226
0.712	0.106	0.075	0.107
0.065	0.729	0.100	0.106
0.075	0.078	0.017	0.830
0.052	0.043	0.053	0.852
0.105	0.744	0.065	0.086
0.918	0.042	0.001	0.039
0.820	0.085	0.074	0.021
0.916	0.001	0.057	0.026
0.100	0.038	0.790	0.072
0.141	0.079	0.690	0.090
0.320	0.276	0.248	0.155
>TGATTTATGGCC	6-TGATTTATGGCC	7.094908	-1724.540517	0	T:3202.0(23.56%),B:2520.5(7.39%),P:1e-748	Tpos:99.9,Tstd:50.4,Bpos:99.5,Bstd:68.7,StrandBias:-0.1,Multiplicity:1.12
0.210	0.006	0.105	0.679
0.103	0.038	0.739	0.120
0.731	0.041	0.037	0.191
0.051	0.012	0.026	0.911
0.032	0.005	0.019	0.944
0.081	0.031	0.054	0.834
0.963	0.010	0.024	0.003
0.032	0.065	0.030	0.873
0.190	0.047	0.527	0.236
0.333	0.039	0.506	0.122
0.137	0.495	0.203	0.165
0.121	0.507	0.121	0.251
>AGATCAAAGGCM	7-AGATCAAAGGCM	7.838157	-1342.401690	0	T:2245.0(16.52%),B:1586.8(4.65%),P:1e-582	Tpos:101.7,Tstd:52.1,Bpos:101.3,Bstd:61.3,StrandBias:0.1,Multiplicity:1.03
0.749	0.013	0.122	0.116
0.211	0.117	0.599	0.073
0.722	0.123	0.090	0.065
0.213	0.038	0.159	0.590
0.112	0.573	0.234	0.081
0.938	0.025	0.014	0.023
0.756	0.103	0.126	0.015
0.921	0.011	0.046	0.022
0.153	0.016	0.724	0.107
0.121	0.147	0.616	0.116
0.177	0.499	0.229	0.095
0.342	0.411	0.024	0.223
>ATCAAAGCRGCG	8-ATCAAAGCRGCG	6.838171	-988.467392	0	T:2646.0(19.47%),B:2593.6(7.60%),P:1e-429	Tpos:98.3,Tstd:52.4,Bpos:101.4,Bstd:65.7,StrandBias:0.0,Multiplicity:1.04
0.740	0.094	0.057	0.109
0.115	0.031	0.083	0.771
0.081	0.747	0.110	0.062
0.933	0.042	0.004	0.021
0.825	0.084	0.080	0.011
0.902	0.008	0.059	0.031
0.040	0.031	0.898	0.031
0.162	0.549	0.163	0.126
0.311	0.060	0.450	0.179
0.062	0.090	0.804	0.044
0.180	0.462	0.179	0.178
0.169	0.224	0.395	0.211
>CNTTTCAAAGNN	9-CNTTTCAAAGNN	5.310325	-682.464670	0	T:2165.0(15.93%),B:2297.5(6.73%),P:1e-296	Tpos:101.9,Tstd:53.2,Bpos:103.4,Bstd:65.2,StrandBias:-0.1,Multiplicity:1.03
0.216	0.423	0.183	0.179
0.187	0.333	0.280	0.199
0.119	0.134	0.242	0.505
0.146	0.131	0.154	0.569
0.132	0.128	0.139	0.601
0.122	0.634	0.125	0.119
0.547	0.094	0.263	0.096
0.604	0.140	0.122	0.134
0.510	0.238	0.146	0.106
0.105	0.146	0.643	0.106
0.214	0.350	0.235	0.201
0.225	0.279	0.287	0.208
>ATTTACGAGGTG	10-ATTTACGAGGTG	7.247907	-469.999903	0	T:1224.0(9.01%),B:1141.9(3.35%),P:1e-204	Tpos:98.8,Tstd:52.0,Bpos:101.3,Bstd:65.4,StrandBias:-0.1,Multiplicity:1.03
0.733	0.070	0.072	0.125
0.067	0.057	0.076	0.800
0.058	0.049	0.058	0.835
0.094	0.075	0.078	0.753
0.785	0.078	0.078	0.059
0.151	0.569	0.102	0.178
0.205	0.125	0.549	0.121
0.802	0.035	0.079	0.084
0.068	0.044	0.774	0.114
0.064	0.096	0.768	0.072
0.081	0.037	0.069	0.813
0.047	0.077	0.819	0.057
>ARGTGYTGACAG	11-ARGTGYTGACAG	5.849154	-372.164014	0	T:1066.0(7.84%),B:1046.6(3.07%),P:1e-161	Tpos:99.1,Tstd:49.1,Bpos:97.4,Bstd:63.3,StrandBias:-0.0,Multiplicity:1.03
0.569	0.023	0.165	0.243
0.420	0.001	0.556	0.023
0.001	0.286	0.712	0.001
0.001	0.001	0.011	0.987
0.001	0.001	0.997	0.001
0.143	0.416	0.082	0.359
0.001	0.001	0.001	0.997
0.011	0.001	0.987	0.001
0.997	0.001	0.001	0.001
0.207	0.791	0.001	0.001
0.997	0.001	0.001	0.001
0.041	0.001	0.947	0.011
>NTSCCWGCWGGV	12-NTSCCWGCWGGV	6.308480	-354.778234	0	T:3145.0(23.14%),B:4970.0(14.57%),P:1e-154	Tpos:101.9,Tstd:54.0,Bpos:99.8,Bstd:66.8,StrandBias:0.0,Multiplicity:1.16
0.204	0.328	0.228	0.240
0.211	0.224	0.187	0.377
0.097	0.376	0.308	0.219
0.194	0.462	0.109	0.234
0.008	0.988	0.001	0.003
0.463	0.056	0.007	0.474
0.006	0.228	0.745	0.021
0.077	0.732	0.190	0.001
0.533	0.010	0.019	0.438
0.094	0.001	0.781	0.124
0.208	0.169	0.462	0.161
0.199	0.310	0.333	0.158
>CAGATGGCCTKT	13-CAGATGGCCTKT	6.586933	-323.595828	0	T:1402.0(10.32%),B:1692.9(4.96%),P:1e-140	Tpos:97.2,Tstd:55.0,Bpos:101.0,Bstd:66.6,StrandBias:0.0,Multiplicity:1.06
0.114	0.739	0.081	0.066
0.739	0.072	0.048	0.141
0.187	0.181	0.500	0.133
0.466	0.272	0.187	0.075
0.251	0.069	0.176	0.504
0.116	0.051	0.625	0.208
0.133	0.215	0.566	0.086
0.188	0.597	0.124	0.091
0.239	0.551	0.049	0.161
0.178	0.071	0.069	0.682
0.052	0.248	0.410	0.290
0.164	0.191	0.182	0.463
>NACATCAAACAG	14-NACATCAAACAG	10.115203	-291.919203	0	T:318.0(2.34%),B:143.8(0.42%),P:1e-126	Tpos:101.9,Tstd:47.9,Bpos:101.0,Bstd:62.7,StrandBias:0.2,Multiplicity:1.01
0.266	0.249	0.288	0.197
0.779	0.001	0.001	0.219
0.062	0.592	0.283	0.063
0.660	0.001	0.001	0.338
0.001	0.023	0.006	0.970
0.001	0.801	0.115	0.083
0.997	0.001	0.001	0.001
0.898	0.095	0.001	0.006
0.897	0.006	0.001	0.096
0.114	0.736	0.001	0.149
0.969	0.029	0.001	0.001
0.151	0.196	0.574	0.079
>RCAGGAAATKAV	15-RCAGGAAATKAV	9.606959	-251.005755	0	T:428.0(3.15%),B:294.5(0.86%),P:1e-109	Tpos:100.2,Tstd:53.0,Bpos:104.5,Bstd:66.2,StrandBias:-0.1,Multiplicity:1.01
0.368	0.082	0.471	0.079
0.028	0.816	0.089	0.067
0.968	0.001	0.001	0.030
0.001	0.007	0.980	0.012
0.008	0.001	0.706	0.285
0.936	0.001	0.062	0.001
0.961	0.001	0.015	0.023
0.983	0.001	0.015	0.001
0.042	0.016	0.042	0.900
0.023	0.001	0.459	0.517
0.521	0.085	0.342	0.052
0.339	0.298	0.320	0.043
>GCAGGCTGTAAA	16-GCAGGCTGTAAA	7.307232	-228.492830	0	T:1264.0(9.30%),B:1675.8(4.91%),P:1e-99	Tpos:98.3,Tstd:55.1,Bpos:98.0,Bstd:66.9,StrandBias:0.0,Multiplicity:1.03
0.079	0.105	0.689	0.127
0.097	0.718	0.106	0.079
0.757	0.034	0.058	0.151
0.103	0.009	0.805	0.083
0.103	0.105	0.716	0.076
0.055	0.770	0.081	0.094
0.098	0.003	0.002	0.897
0.077	0.041	0.776	0.106
0.091	0.118	0.105	0.686
0.674	0.106	0.127	0.093
0.779	0.086	0.080	0.055
0.737	0.073	0.072	0.118
>CGTCATTTATCA	17-CGTCATTTATCA	7.551462	-187.906751	0	T:823.0(6.06%),B:989.5(2.90%),P:1e-81	Tpos:92.8,Tstd:54.5,Bpos:102.2,Bstd:67.2,StrandBias:0.2,Multiplicity:1.03
0.164	0.566	0.120	0.150
0.135	0.203	0.567	0.095
0.077	0.096	0.093	0.734
0.092	0.768	0.059	0.081
0.834	0.064	0.029	0.073
0.043	0.058	0.054	0.845
0.077	0.095	0.042	0.786
0.052	0.128	0.049	0.771
0.701	0.088	0.090	0.121
0.071	0.079	0.080	0.770
0.062	0.830	0.048	0.060
0.830	0.053	0.022	0.095
>TTCCATATGGYK	18-TTCCATATGGYK	10.182198	-180.047608	0	T:207.0(1.52%),B:99.1(0.29%),P:1e-78	Tpos:111.6,Tstd:53.0,Bpos:92.3,Bstd:61.3,StrandBias:-0.2,Multiplicity:1.01
0.001	0.031	0.010	0.958
0.058	0.091	0.147	0.704
0.037	0.952	0.010	0.001
0.001	0.997	0.001	0.001
0.925	0.001	0.001	0.073
0.053	0.053	0.002	0.892
0.606	0.297	0.096	0.001
0.001	0.001	0.001	0.997
0.001	0.001	0.988	0.010
0.037	0.169	0.746	0.048
0.147	0.363	0.080	0.410
0.159	0.165	0.304	0.372
>KGGGGGAGGGGR	19-KGGGGGAGGGGR	9.904720	-177.914506	0	T:876.0(6.45%),B:1105.6(3.24%),P:1e-77	Tpos:100.7,Tstd:57.3,Bpos:100.4,Bstd:60.6,StrandBias:0.1,Multiplicity:1.16
0.162	0.061	0.410	0.367
0.001	0.001	0.997	0.001
0.001	0.001	0.997	0.001
0.091	0.001	0.827	0.081
0.001	0.001	0.997	0.001
0.154	0.049	0.744	0.053
0.642	0.001	0.001	0.356
0.108	0.001	0.800	0.091
0.023	0.001	0.975	0.001
0.086	0.001	0.912	0.001
0.168	0.144	0.668	0.020
0.284	0.147	0.417	0.152
>BCCCTGGGGRVH	20-BCCCTGGGGRVH	7.691372	-134.536032	0	T:787.0(5.79%),B:1058.5(3.10%),P:1e-58	Tpos:98.3,Tstd:52.9,Bpos:99.8,Bstd:60.9,StrandBias:0.1,Multiplicity:1.04
0.125	0.313	0.285	0.277
0.001	0.646	0.195	0.158
0.097	0.646	0.001	0.256
0.016	0.886	0.001	0.097
0.353	0.060	0.029	0.558
0.012	0.001	0.865	0.122
0.199	0.007	0.568	0.226
0.007	0.001	0.991	0.001
0.291	0.066	0.523	0.120
0.316	0.119	0.455	0.111
0.293	0.300	0.340	0.067
0.344	0.240	0.170	0.246
>CCACTTAATCAC	21-CCACTTAATCAC	9.399800	-117.396209	0	T:181.0(1.33%),B:115.2(0.34%),P:1e-50	Tpos:85.5,Tstd:49.9,Bpos:93.6,Bstd:52.7,StrandBias:-0.2,Multiplicity:1.03
0.190	0.531	0.108	0.171
0.179	0.796	0.001	0.024
0.812	0.090	0.004	0.094
0.008	0.780	0.163	0.049
0.197	0.012	0.001	0.790
0.116	0.165	0.008	0.711
0.736	0.236	0.016	0.012
0.869	0.008	0.122	0.001
0.120	0.102	0.057	0.721
0.152	0.816	0.020	0.012
0.885	0.110	0.001	0.004
0.142	0.640	0.124	0.094
>CGCGCCATAAAC	22-CGCGCCATAAAC	9.942325	-111.321407	0	T:84.0(0.62%),B:24.3(0.07%),P:1e-48	Tpos:92.7,Tstd:47.3,Bpos:115.8,Bstd:72.6,StrandBias:0.6,Multiplicity:1.00
0.110	0.804	0.055	0.031
0.118	0.226	0.489	0.167
0.157	0.717	0.079	0.047
0.142	0.047	0.572	0.239
0.031	0.907	0.031	0.031
0.015	0.953	0.001	0.031
0.932	0.016	0.036	0.016
0.016	0.047	0.063	0.874
0.969	0.015	0.015	0.001
0.969	0.015	0.015	0.001
0.952	0.016	0.016	0.016
0.039	0.882	0.016	0.063
>GTTKCCATGGYA	23-GTTKCCATGGYA	10.074704	-84.831275	0	T:176.0(1.29%),B:141.8(0.42%),P:1e-36	Tpos:93.9,Tstd:55.3,Bpos:102.8,Bstd:56.9,StrandBias:0.1,Multiplicity:1.01
0.001	0.001	0.997	0.001
0.020	0.001	0.001	0.978
0.001	0.216	0.042	0.741
0.154	0.107	0.344	0.396
0.001	0.850	0.001	0.148
0.021	0.701	0.001	0.277
0.957	0.001	0.041	0.001
0.001	0.001	0.001	0.997
0.278	0.001	0.720	0.001
0.022	0.095	0.882	0.001
0.193	0.360	0.128	0.319
0.531	0.001	0.340	0.128
>GCCAGATGTAGT	24-GCCAGATGTAGT	11.048490	-58.064513	0	T:48.0(0.35%),B:16.6(0.05%),P:1e-25	Tpos:85.1,Tstd:55.9,Bpos:96.4,Bstd:48.2,StrandBias:0.4,Multiplicity:1.00
0.030	0.047	0.825	0.098
0.131	0.777	0.046	0.046
0.031	0.939	0.015	0.015
0.940	0.015	0.015	0.030
0.076	0.030	0.833	0.061
0.894	0.030	0.061	0.015
0.031	0.046	0.047	0.876
0.030	0.046	0.862	0.062
0.047	0.123	0.217	0.613
0.924	0.015	0.015	0.046
0.099	0.077	0.778	0.046
0.062	0.061	0.122	0.755
>TTCTBGCCATAT	25-TTCTBGCCATAT	9.786415	-24.719710	0	T:16.0(0.12%),B:4.2(0.01%),P:1e-10	Tpos:97.0,Tstd:57.8,Bpos:124.8,Bstd:26.5,StrandBias:4.5,Multiplicity:1.50
0.122	0.136	0.138	0.604
0.065	0.254	0.156	0.525
0.010	0.762	0.075	0.153
0.099	0.102	0.004	0.795
0.181	0.351	0.239	0.228
0.132	0.192	0.538	0.138
0.175	0.745	0.072	0.008
0.161	0.831	0.002	0.006
0.683	0.129	0.056	0.132
0.011	0.267	0.177	0.545
0.563	0.114	0.138	0.185
0.112	0.072	0.108	0.708
>GATCAAAG	1-GATCAAAG	7.807210	-3229.635473	0	T:3437.0(25.29%),B:1652.3(4.84%),P:1e-1402	Tpos:100.0,Tstd:42.4,Bpos:101.2,Bstd:65.7,StrandBias:-0.0,Multiplicity:1.11
0.016	0.327	0.530	0.127
0.615	0.001	0.022	0.362
0.042	0.001	0.001	0.956
0.105	0.552	0.253	0.090
0.985	0.001	0.007	0.007
0.944	0.020	0.020	0.016
0.907	0.026	0.013	0.054
0.099	0.153	0.712	0.036
>CCTTTGAA	2-CCTTTGAA	6.578493	-2356.503479	0	T:5067.0(37.28%),B:4674.2(13.70%),P:1e-1023	Tpos:100.1,Tstd:50.6,Bpos:102.2,Bstd:66.5,StrandBias:-0.1,Multiplicity:1.14
0.038	0.831	0.116	0.015
0.001	0.835	0.043	0.121
0.001	0.009	0.002	0.988
0.001	0.001	0.001	0.997
0.001	0.001	0.001	0.997
0.047	0.097	0.812	0.044
0.960	0.001	0.001	0.038
0.727	0.052	0.048	0.173
>TAATTAGC	3-TAATTAGC	5.722102	-2299.659550	0	T:5714.0(42.04%),B:5871.5(17.21%),P:1e-998	Tpos:100.7,Tstd:51.6,Bpos:100.5,Bstd:72.3,StrandBias:-0.0,Multiplicity:1.35
0.015	0.152	0.001	0.832
0.745	0.145	0.044	0.066
0.986	0.005	0.004	0.005
0.029	0.027	0.001	0.943
0.042	0.025	0.215	0.718
0.794	0.017	0.153	0.036
0.206	0.218	0.532	0.044
0.183	0.449	0.222	0.146
>ACATCTGG	4-ACATCTGG	5.359723	-2003.030466	0	T:5720.0(42.09%),B:6334.7(18.57%),P:1e-869	Tpos:99.5,Tstd:53.1,Bpos:100.3,Bstd:64.3,StrandBias:0.0,Multiplicity:1.30
0.807	0.114	0.062	0.017
0.001	0.997	0.001	0.001
0.996	0.001	0.002	0.001
0.001	0.030	0.103	0.866
0.078	0.882	0.039	0.001
0.001	0.001	0.001	0.997
0.001	0.001	0.997	0.001
0.010	0.054	0.785	0.151
>GCCATAAA	5-GCCATAAA	6.329260	-1867.710400	0	T:5122.0(37.69%),B:5452.5(15.98%),P:1e-811	Tpos:99.8,Tstd:51.8,Bpos:102.6,Bstd:70.0,StrandBias:0.1,Multiplicity:1.23
0.109	0.287	0.540	0.064
0.016	0.614	0.013	0.357
0.249	0.576	0.013	0.162
0.791	0.005	0.185	0.019
0.014	0.013	0.024	0.949
0.723	0.018	0.001	0.258
0.945	0.019	0.002	0.034
0.864	0.025	0.049	0.062
>CGCTTTSA	6-CGCTTTSA	4.843051	-1657.645720	0	T:8076.0(59.42%),B:11995.9(35.16%),P:1e-719	Tpos:99.6,Tstd:56.1,Bpos:101.2,Bstd:66.2,StrandBias:0.0,Multiplicity:1.18
0.005	0.673	0.181	0.141
0.034	0.163	0.641	0.162
0.115	0.484	0.310	0.091
0.025	0.061	0.039	0.875
0.043	0.066	0.148	0.743
0.077	0.044	0.028	0.851
0.084	0.420	0.417	0.079
0.789	0.072	0.080	0.059
>WTHAATYA	7-WTHAATYA	5.004248	-1603.523111	0	T:8658.0(63.70%),B:13522.6(39.64%),P:1e-696	Tpos:100.1,Tstd:55.2,Bpos:99.2,Bstd:69.5,StrandBias:-0.1,Multiplicity:1.28
0.484	0.015	0.047	0.453
0.001	0.219	0.233	0.547
0.279	0.360	0.025	0.336
0.635	0.185	0.156	0.024
0.817	0.081	0.024	0.078
0.039	0.001	0.008	0.952
0.039	0.430	0.001	0.530
0.835	0.001	0.148	0.016
>GTGATTTA	8-GTGATTTA	6.221956	-1330.894048	0	T:4190.0(30.83%),B:4660.2(13.66%),P:1e-577	Tpos:100.8,Tstd:52.9,Bpos:99.3,Bstd:72.3,StrandBias:-0.0,Multiplicity:1.17
0.076	0.202	0.573	0.149
0.098	0.157	0.109	0.636
0.216	0.145	0.596	0.043
0.850	0.007	0.047	0.096
0.067	0.002	0.007	0.924
0.018	0.015	0.018	0.949
0.281	0.006	0.085	0.628
0.845	0.074	0.064	0.017
>CBCGTTAA	9-CBCGTTAA	4.619908	-1185.423538	0	T:7795.0(57.35%),B:12549.9(36.79%),P:1e-514	Tpos:99.5,Tstd:54.2,Bpos:100.2,Bstd:70.5,StrandBias:-0.0,Multiplicity:1.31
0.196	0.523	0.179	0.102
0.072	0.304	0.331	0.293
0.090	0.593	0.061	0.256
0.354	0.028	0.554	0.064
0.034	0.050	0.016	0.900
0.139	0.023	0.004	0.834
0.925	0.017	0.014	0.044
0.853	0.056	0.013	0.078
>ACGTCAAA	10-ACGTCAAA	5.211891	-1051.890219	0	T:1576.0(11.60%),B:997.6(2.92%),P:1e-456	Tpos:99.8,Tstd:49.9,Bpos:100.9,Bstd:65.7,StrandBias:0.1,Multiplicity:1.02
0.997	0.001	0.001	0.001
0.001	0.997	0.001	0.001
0.080	0.001	0.769	0.150
0.001	0.001	0.001	0.997
0.001	0.997	0.001	0.001
0.997	0.001	0.001	0.001
0.997	0.001	0.001	0.001
0.979	0.001	0.001	0.019
>TGATTTAT	11-TGATTTAT	7.380714	-933.015804	0	T:2355.0(17.33%),B:2214.7(6.49%),P:1e-405	Tpos:96.3,Tstd:54.6,Bpos:100.7,Bstd:65.7,StrandBias:-0.2,Multiplicity:1.03
0.177	0.068	0.228	0.527
0.001	0.034	0.964	0.001
0.815	0.135	0.049	0.001
0.025	0.001	0.234	0.740
0.159	0.001	0.001	0.839
0.194	0.157	0.001	0.648
0.997	0.001	0.001	0.001
0.001	0.178	0.043	0.778
>CTTTGATC	12-CTTTGATC	7.307681	-811.019482	0	T:1793.0(13.19%),B:1531.0(4.49%),P:1e-352	Tpos:100.1,Tstd:50.6,Bpos:102.4,Bstd:62.6,StrandBias:0.1,Multiplicity:1.02
0.102	0.601	0.220	0.077
0.113	0.001	0.047	0.839
0.077	0.126	0.099	0.698
0.033	0.044	0.001	0.922
0.001	0.001	0.875	0.123
0.642	0.001	0.001	0.356
0.066	0.054	0.001	0.879
0.082	0.837	0.018	0.063
>CTGTCAAC	13-CTGTCAAC	5.882878	-616.583532	0	T:3714.0(27.33%),B:5300.6(15.54%),P:1e-267	Tpos:100.9,Tstd:52.6,Bpos:99.5,Bstd:66.5,StrandBias:-0.1,Multiplicity:1.11
0.039	0.902	0.001	0.058
0.001	0.001	0.001	0.997
0.001	0.001	0.893	0.105
0.001	0.050	0.001	0.948
0.016	0.959	0.021	0.004
0.982	0.001	0.016	0.001
0.706	0.001	0.215	0.078
0.070	0.837	0.092	0.001
>SCCTGCGG	14-SCCTGCGG	5.095286	-548.872601	0	T:6885.0(50.66%),B:12537.9(36.75%),P:1e-238	Tpos:100.4,Tstd:54.8,Bpos:99.3,Bstd:70.5,StrandBias:0.0,Multiplicity:1.48
0.057	0.394	0.399	0.150
0.128	0.751	0.074	0.047
0.009	0.985	0.005	0.001
0.292	0.221	0.035	0.452
0.026	0.328	0.586	0.060
0.132	0.556	0.134	0.178
0.243	0.089	0.435	0.233
0.009	0.001	0.989	0.001
>AAACACGT	15-AAACACGT	5.768338	-516.452018	0	T:3488.0(25.66%),B:5137.6(15.06%),P:1e-224	Tpos:99.6,Tstd:55.4,Bpos:98.4,Bstd:65.3,StrandBias:0.0,Multiplicity:1.07
0.674	0.134	0.059	0.133
0.903	0.074	0.020	0.003
0.781	0.056	0.046	0.117
0.112	0.789	0.060	0.039
0.782	0.075	0.061	0.082
0.022	0.733	0.194	0.051
0.116	0.149	0.545	0.190
0.052	0.074	0.076	0.798
>TGCAGCTG	16-TGCAGCTG	6.811669	-485.365511	0	T:1737.0(12.78%),B:1937.6(5.68%),P:1e-210	Tpos:99.5,Tstd:55.5,Bpos:98.4,Bstd:77.5,StrandBias:0.0,Multiplicity:1.02
0.001	0.001	0.329	0.669
0.001	0.206	0.792	0.001
0.001	0.997	0.001	0.001
0.997	0.001	0.001	0.001
0.001	0.001	0.997	0.001
0.001	0.997	0.001	0.001
0.001	0.054	0.001	0.944
0.001	0.001	0.997	0.001
>GCCGTCTG	17-GCCGTCTG	5.077673	-431.920677	0	T:3403.0(25.04%),B:5233.3(15.34%),P:1e-187	Tpos:98.5,Tstd:56.5,Bpos:99.9,Bstd:73.0,StrandBias:0.1,Multiplicity:1.11
0.096	0.045	0.786	0.073
0.087	0.790	0.040	0.083
0.069	0.734	0.098	0.099
0.114	0.077	0.758	0.051
0.075	0.084	0.163	0.678
0.066	0.685	0.082	0.167
0.108	0.022	0.041	0.829
0.078	0.060	0.743	0.119
>GCCGTAAT	18-GCCGTAAT	5.424741	-333.958501	0	T:1385.0(10.19%),B:1640.9(4.81%),P:1e-145	Tpos:98.1,Tstd:55.7,Bpos:100.5,Bstd:72.8,StrandBias:-0.1,Multiplicity:1.03
0.080	0.092	0.781	0.047
0.056	0.716	0.125	0.103
0.096	0.643	0.152	0.109
0.082	0.111	0.735	0.072
0.105	0.154	0.080	0.661
0.844	0.027	0.061	0.068
0.787	0.065	0.025	0.123
0.043	0.063	0.058	0.836
>CTAATAGC	19-CTAATAGC	7.406116	-328.089182	0	T:1131.0(8.32%),B:1224.3(3.59%),P:1e-142	Tpos:101.3,Tstd:54.2,Bpos:99.3,Bstd:70.3,StrandBias:-0.2,Multiplicity:1.02
0.001	0.881	0.117	0.001
0.001	0.001	0.001	0.997
0.997	0.001	0.001	0.001
0.997	0.001	0.001	0.001
0.001	0.001	0.001	0.997
0.564	0.225	0.210	0.001
0.319	0.047	0.633	0.001
0.001	0.596	0.402	0.001
>BAAWTTAY	20-BAAWTTAY	4.863526	-277.954053	0	T:2157.0(15.87%),B:3235.4(9.48%),P:1e-120	Tpos:100.2,Tstd:54.5,Bpos:100.4,Bstd:70.8,StrandBias:0.0,Multiplicity:1.03
0.118	0.327	0.217	0.338
0.429	0.201	0.276	0.094
0.777	0.103	0.060	0.060
0.498	0.050	0.086	0.366
0.169	0.129	0.090	0.612
0.225	0.167	0.152	0.455
0.703	0.124	0.172	0.001
0.160	0.289	0.198	0.353
>ATTTCCTG	21-ATTTCCTG	7.344846	-244.130043	0	T:1599.0(11.77%),B:2258.0(6.62%),P:1e-106	Tpos:98.8,Tstd:55.2,Bpos:98.7,Bstd:64.1,StrandBias:0.1,Multiplicity:1.06
0.859	0.001	0.139	0.001
0.001	0.090	0.001	0.908
0.001	0.001	0.001	0.997
0.001	0.001	0.001	0.997
0.001	0.997	0.001	0.001
0.001	0.997	0.001	0.001
0.001	0.046	0.039	0.914
0.001	0.212	0.786	0.001
>AAGTGTCA	22-AAGTGTCA	7.010021	-214.535354	0	T:1943.0(14.30%),B:3033.0(8.89%),P:1e-93	Tpos:100.6,Tstd:55.0,Bpos:100.9,Bstd:63.8,StrandBias:0.1,Multiplicity:1.05
0.726	0.001	0.272	0.001
0.672	0.078	0.249	0.001
0.292	0.001	0.706	0.001
0.001	0.001	0.308	0.690
0.001	0.001	0.994	0.004
0.187	0.001	0.001	0.811
0.001	0.662	0.185	0.152
0.860	0.001	0.138	0.001
>GYTGTAAA	23-GYTGTAAA	8.215069	-167.368193	0	T:600.0(4.41%),B:658.0(1.93%),P:1e-72	Tpos:106.7,Tstd:55.1,Bpos:96.1,Bstd:67.9,StrandBias:0.0,Multiplicity:1.01
0.001	0.001	0.997	0.001
0.001	0.435	0.001	0.563
0.102	0.001	0.001	0.896
0.001	0.001	0.997	0.001
0.001	0.001	0.001	0.997
0.997	0.001	0.001	0.001
0.997	0.001	0.001	0.001
0.997	0.001	0.001	0.001
>GGGGGAGG	24-GGGGGAGG	7.326647	-162.013864	0	T:1748.0(12.86%),B:2845.0(8.34%),P:1e-70	Tpos:100.3,Tstd:58.5,Bpos:99.0,Bstd:63.2,StrandBias:0.0,Multiplicity:1.18
0.001	0.001	0.997	0.001
0.001	0.001	0.929	0.069
0.001	0.001	0.997	0.001
0.001	0.001	0.997	0.001
0.001	0.001	0.997	0.001
0.793	0.001	0.001	0.205
0.134	0.001	0.794	0.071
0.078	0.001	0.920	0.001
>ATAAACGR	25-ATAAACGR	6.598532	-136.016350	0	T:625.0(4.60%),B:765.2(2.24%),P:1e-59	Tpos:98.9,Tstd:52.2,Bpos:94.4,Bstd:68.4,StrandBias:0.0,Multiplicity:1.01
0.905	0.001	0.093	0.001
0.001	0.001	0.001	0.997
0.808	0.001	0.143	0.048
0.997	0.001	0.001	0.001
0.889	0.001	0.001	0.109
0.041	0.957	0.001	0.001
0.001	0.035	0.963	0.001
0.418	0.001	0.439	0.143
