>ACWTCAAAGG	1-ACWTCAAAGG	7.153170	-3781.157167	0	T:4473.0(32.91%),B:2498.3(7.32%),P:1e-1642	Tpos:99.6,Tstd:43.5,Bpos:101.2,Bstd:66.2,StrandBias:-0.0,Multiplicity:1.16
0.714	0.043	0.149	0.094
0.035	0.533	0.363	0.069
0.509	0.022	0.021	0.448
0.021	0.001	0.002	0.976
0.033	0.869	0.068	0.030
0.991	0.001	0.002	0.006
0.984	0.005	0.008	0.003
0.969	0.003	0.013	0.015
0.067	0.048	0.877	0.008
0.168	0.171	0.638	0.023
>NCSCTTTGAT	2-NCSCTTTGAT	6.108599	-2718.494649	0	T:6358.0(46.78%),B:6450.6(18.91%),P:1e-1180	Tpos:99.4,Tstd:53.0,Bpos:102.5,Bstd:63.7,StrandBias:-0.1,Multiplicity:1.10
0.182	0.240	0.313	0.265
0.109	0.480	0.285	0.126
0.175	0.321	0.335	0.169
0.107	0.642	0.141	0.110
0.001	0.001	0.001	0.997
0.001	0.147	0.001	0.851
0.001	0.001	0.001	0.997
0.047	0.281	0.671	0.001
0.733	0.084	0.020	0.163
0.225	0.165	0.146	0.464
>BTAATTAGCN	3-BTAATTAGCN	4.855152	-2299.753172	0	T:5858.0(43.10%),B:6132.7(17.98%),P:1e-998	Tpos:100.6,Tstd:51.3,Bpos:99.9,Bstd:71.6,StrandBias:0.0,Multiplicity:1.34
0.035	0.300	0.352	0.314
0.001	0.059	0.001	0.939
0.975	0.023	0.001	0.001
0.997	0.001	0.001	0.001
0.001	0.001	0.001	0.997
0.001	0.001	0.167	0.831
0.938	0.001	0.060	0.001
0.259	0.237	0.500	0.004
0.227	0.427	0.188	0.158
0.213	0.264	0.228	0.295
>NAMCAKCTGK	4-NAMCAKCTGK	6.462346	-2200.565155	0	T:5058.0(37.22%),B:4861.5(14.25%),P:1e-955	Tpos:100.4,Tstd:52.7,Bpos:100.4,Bstd:64.4,StrandBias:-0.0,Multiplicity:1.24
0.334	0.210	0.257	0.199
0.497	0.226	0.168	0.109
0.455	0.379	0.151	0.016
0.001	0.987	0.003	0.009
0.980	0.011	0.007	0.002
0.001	0.073	0.532	0.394
0.325	0.556	0.104	0.015
0.043	0.072	0.010	0.875
0.004	0.024	0.933	0.039
0.015	0.153	0.474	0.358
>CMATAAATCA	5-CMATAAATCA	6.384797	-1888.779573	0	T:4914.0(36.16%),B:5051.4(14.81%),P:1e-820	Tpos:100.3,Tstd:51.4,Bpos:100.5,Bstd:69.1,StrandBias:0.1,Multiplicity:1.20
0.060	0.521	0.112	0.307
0.349	0.427	0.033	0.190
0.638	0.037	0.261	0.064
0.001	0.007	0.001	0.991
0.540	0.122	0.001	0.337
0.871	0.059	0.001	0.069
0.937	0.023	0.009	0.031
0.198	0.096	0.039	0.667
0.085	0.686	0.020	0.209
0.583	0.238	0.018	0.161
>TCATTAVNNS	6-TCATTAVNNS	5.689754	-1698.934485	0	T:7067.0(52.00%),B:9627.1(28.22%),P:1e-737	Tpos:99.7,Tstd:53.9,Bpos:100.8,Bstd:67.9,StrandBias:0.0,Multiplicity:1.18
0.014	0.385	0.034	0.567
0.011	0.600	0.118	0.271
0.997	0.001	0.001	0.001
0.001	0.001	0.001	0.997
0.270	0.001	0.001	0.728
0.799	0.001	0.001	0.199
0.379	0.254	0.291	0.075
0.274	0.306	0.259	0.162
0.228	0.199	0.268	0.305
0.076	0.325	0.391	0.207
>TAATBRSCTC	7-TAATBRSCTC	6.111227	-1279.394757	0	T:3932.0(28.93%),B:4291.1(12.58%),P:1e-555	Tpos:102.4,Tstd:54.8,Bpos:102.0,Bstd:67.8,StrandBias:-0.1,Multiplicity:1.05
0.270	0.001	0.001	0.728
0.638	0.001	0.001	0.360
0.997	0.001	0.001	0.001
0.177	0.129	0.132	0.562
0.092	0.249	0.316	0.342
0.452	0.001	0.448	0.099
0.120	0.376	0.420	0.083
0.225	0.751	0.018	0.006
0.354	0.131	0.001	0.514
0.119	0.459	0.248	0.174
>CGTGATTAAT	8-CGTGATTAAT	4.860653	-1226.798232	0	T:4926.0(36.24%),B:6233.9(18.27%),P:1e-532	Tpos:98.1,Tstd:54.8,Bpos:101.7,Bstd:70.3,StrandBias:-0.0,Multiplicity:1.10
0.151	0.471	0.203	0.176
0.138	0.171	0.569	0.122
0.132	0.124	0.146	0.598
0.153	0.162	0.520	0.165
0.585	0.120	0.131	0.164
0.108	0.116	0.109	0.667
0.163	0.095	0.111	0.631
0.647	0.107	0.108	0.138
0.693	0.094	0.109	0.104
0.144	0.135	0.102	0.619
>GGCCTTTTAA	9-GGCCTTTTAA	4.849979	-1076.520294	0	T:7575.0(55.74%),B:12343.4(36.18%),P:1e-467	Tpos:99.8,Tstd:54.3,Bpos:101.0,Bstd:68.9,StrandBias:-0.1,Multiplicity:1.34
0.115	0.108	0.670	0.107
0.147	0.119	0.626	0.108
0.090	0.705	0.118	0.087
0.111	0.696	0.083	0.110
0.117	0.133	0.060	0.690
0.107	0.092	0.103	0.698
0.085	0.037	0.122	0.756
0.114	0.106	0.127	0.653
0.712	0.092	0.101	0.095
0.790	0.065	0.026	0.119
>CTKTCAWCAC	10-CTKTCAWCAC	8.348786	-666.281712	0	T:1416.0(10.42%),B:1166.1(3.42%),P:1e-289	Tpos:101.2,Tstd:49.5,Bpos:97.0,Bstd:62.9,StrandBias:-0.1,Multiplicity:1.03
0.117	0.700	0.001	0.182
0.001	0.001	0.001	0.997
0.001	0.001	0.554	0.444
0.001	0.001	0.001	0.997
0.001	0.858	0.125	0.016
0.997	0.001	0.001	0.001
0.395	0.078	0.116	0.411
0.001	0.997	0.001	0.001
0.663	0.001	0.103	0.233
0.001	0.543	0.280	0.176
>CGGCTGTAAA	11-CGGCTGTAAA	5.181848	-653.840214	0	T:4849.0(35.68%),B:7535.4(22.09%),P:1e-283	Tpos:99.4,Tstd:55.0,Bpos:99.1,Bstd:68.2,StrandBias:0.1,Multiplicity:1.16
0.157	0.591	0.145	0.107
0.158	0.094	0.625	0.123
0.084	0.100	0.743	0.073
0.072	0.761	0.072	0.095
0.120	0.072	0.057	0.751
0.128	0.069	0.707	0.096
0.095	0.127	0.105	0.673
0.656	0.132	0.094	0.118
0.803	0.071	0.068	0.058
0.693	0.091	0.088	0.128
>TAAWTTACHC	12-TAAWTTACHC	6.605761	-577.783366	0	T:3016.0(22.19%),B:4040.1(11.84%),P:1e-250	Tpos:101.5,Tstd:54.1,Bpos:99.4,Bstd:70.9,StrandBias:-0.1,Multiplicity:1.09
0.001	0.376	0.001	0.622
0.997	0.001	0.001	0.001
0.997	0.001	0.001	0.001
0.429	0.001	0.001	0.569
0.001	0.001	0.001	0.997
0.001	0.104	0.142	0.753
0.592	0.053	0.354	0.001
0.081	0.548	0.281	0.090
0.302	0.337	0.001	0.360
0.149	0.459	0.167	0.225
>WATKADGTGY	13-WATKADGTGY	8.024536	-509.684343	0	T:1232.0(9.06%),B:1098.1(3.22%),P:1e-221	Tpos:101.4,Tstd:51.8,Bpos:101.9,Bstd:65.2,StrandBias:-0.1,Multiplicity:1.02
0.366	0.074	0.206	0.355
0.909	0.001	0.089	0.001
0.029	0.001	0.023	0.947
0.001	0.001	0.514	0.484
0.748	0.024	0.227	0.001
0.319	0.001	0.398	0.282
0.001	0.260	0.738	0.001
0.001	0.103	0.001	0.895
0.001	0.062	0.936	0.001
0.141	0.440	0.035	0.383
>CCKTTTGAWC	14-CCKTTTGAWC	9.635214	-445.042995	0	T:318.0(2.34%),B:82.3(0.24%),P:1e-193	Tpos:106.9,Tstd:50.5,Bpos:102.5,Bstd:63.0,StrandBias:0.0,Multiplicity:1.00
0.142	0.854	0.001	0.003
0.001	0.737	0.119	0.143
0.001	0.119	0.463	0.417
0.142	0.119	0.001	0.738
0.001	0.001	0.001	0.997
0.118	0.001	0.001	0.880
0.001	0.001	0.997	0.001
0.997	0.001	0.001	0.001
0.417	0.001	0.078	0.504
0.001	0.997	0.001	0.001
>CCCTGCTGTG	15-CCCTGCTGTG	7.760360	-406.992433	0	T:1306.0(9.61%),B:1368.9(4.01%),P:1e-176	Tpos:102.9,Tstd:49.4,Bpos:96.9,Bstd:69.8,StrandBias:-0.1,Multiplicity:1.06
0.097	0.483	0.235	0.185
0.001	0.972	0.026	0.001
0.223	0.775	0.001	0.001
0.118	0.291	0.045	0.546
0.207	0.001	0.742	0.050
0.001	0.758	0.001	0.240
0.001	0.049	0.159	0.791
0.034	0.001	0.964	0.001
0.138	0.224	0.162	0.476
0.057	0.001	0.571	0.371
>TAATTGAAAC	16-TAATTGAAAC	6.875635	-358.828911	0	T:1111.0(8.17%),B:1138.3(3.34%),P:1e-155	Tpos:97.9,Tstd:57.4,Bpos:98.9,Bstd:73.4,StrandBias:-0.0,Multiplicity:1.03
0.313	0.066	0.086	0.535
0.562	0.002	0.318	0.118
0.797	0.006	0.010	0.187
0.087	0.006	0.299	0.608
0.066	0.009	0.290	0.635
0.173	0.174	0.509	0.144
0.588	0.208	0.003	0.201
0.626	0.003	0.272	0.099
0.538	0.132	0.304	0.026
0.226	0.638	0.092	0.044
>DGCCBCWGGC	17-DGCCBCWGGC	5.737437	-344.702216	0	T:2800.0(20.60%),B:4298.2(12.60%),P:1e-149	Tpos:100.0,Tstd:55.7,Bpos:98.8,Bstd:74.4,StrandBias:0.0,Multiplicity:1.11
0.255	0.064	0.401	0.280
0.077	0.266	0.582	0.075
0.025	0.856	0.102	0.017
0.301	0.453	0.078	0.167
0.135	0.245	0.268	0.352
0.023	0.590	0.299	0.088
0.258	0.250	0.084	0.408
0.056	0.163	0.712	0.069
0.148	0.061	0.735	0.056
0.050	0.539	0.246	0.165
>TAATGTGCCG	18-TAATGTGCCG	5.261623	-315.713199	0	T:2146.0(15.79%),B:3092.9(9.07%),P:1e-137	Tpos:101.7,Tstd:54.8,Bpos:101.8,Bstd:68.2,StrandBias:-0.2,Multiplicity:1.06
0.151	0.086	0.107	0.656
0.713	0.096	0.083	0.108
0.745	0.091	0.097	0.067
0.110	0.064	0.078	0.748
0.087	0.128	0.699	0.086
0.107	0.074	0.077	0.742
0.075	0.096	0.726	0.103
0.103	0.673	0.127	0.097
0.128	0.658	0.091	0.123
0.148	0.115	0.640	0.097
>TTAACDAGSD	19-TTAACDAGSD	7.632538	-289.239297	0	T:758.0(5.58%),B:703.1(2.06%),P:1e-125	Tpos:96.4,Tstd:52.2,Bpos:104.9,Bstd:68.4,StrandBias:0.1,Multiplicity:1.03
0.041	0.139	0.015	0.805
0.028	0.007	0.021	0.944
0.699	0.029	0.018	0.254
0.936	0.045	0.009	0.010
0.126	0.679	0.102	0.093
0.321	0.066	0.333	0.280
0.964	0.015	0.007	0.014
0.001	0.032	0.949	0.018
0.179	0.404	0.256	0.161
0.231	0.100	0.350	0.319
>CCCCAGGGGG	20-CCCCAGGGGG	6.314258	-248.824314	0	T:2696.0(19.84%),B:4447.0(13.03%),P:1e-108	Tpos:100.8,Tstd:54.6,Bpos:98.7,Bstd:65.2,StrandBias:-0.0,Multiplicity:1.14
0.019	0.625	0.107	0.249
0.050	0.567	0.161	0.222
0.145	0.599	0.200	0.056
0.038	0.916	0.008	0.038
0.559	0.001	0.109	0.331
0.013	0.016	0.970	0.001
0.221	0.091	0.685	0.003
0.219	0.098	0.682	0.001
0.258	0.041	0.697	0.004
0.236	0.133	0.543	0.088
>AMCACATGTG	21-AMCACATGTG	9.767050	-245.443784	0	T:396.0(2.91%),B:260.9(0.76%),P:1e-106	Tpos:99.3,Tstd:53.1,Bpos:99.7,Bstd:61.4,StrandBias:-0.2,Multiplicity:1.00
0.878	0.001	0.001	0.120
0.367	0.453	0.179	0.001
0.001	0.997	0.001	0.001
0.997	0.001	0.001	0.001
0.001	0.997	0.001	0.001
0.997	0.001	0.001	0.001
0.001	0.001	0.001	0.997
0.039	0.168	0.734	0.059
0.001	0.288	0.001	0.710
0.001	0.248	0.612	0.139
>GGGGGAGGGG	22-GGGGGAGGGG	8.951544	-198.204944	0	T:1067.0(7.85%),B:1396.1(4.09%),P:1e-86	Tpos:99.5,Tstd:58.0,Bpos:100.6,Bstd:62.2,StrandBias:0.1,Multiplicity:1.16
0.001	0.015	0.983	0.001
0.001	0.001	0.997	0.001
0.164	0.098	0.705	0.033
0.001	0.001	0.997	0.001
0.093	0.107	0.799	0.001
0.793	0.001	0.001	0.205
0.151	0.001	0.779	0.069
0.029	0.030	0.912	0.029
0.045	0.083	0.799	0.073
0.073	0.333	0.593	0.001
>CCACTTCAAA	23-CCACTTCAAA	10.296193	-95.907029	0	T:62.0(0.46%),B:14.5(0.04%),P:1e-41	Tpos:102.8,Tstd:45.1,Bpos:73.8,Bstd:30.6,StrandBias:0.0,Multiplicity:1.00
0.100	0.700	0.100	0.100
0.100	0.700	0.100	0.100
0.700	0.100	0.100	0.100
0.100	0.700	0.100	0.100
0.100	0.100	0.100	0.700
0.100	0.100	0.100	0.700
0.100	0.700	0.100	0.100
0.700	0.100	0.100	0.100
0.700	0.100	0.100	0.100
0.700	0.100	0.100	0.100
>CCATGGCAAC	24-CCATGGCAAC	7.674186	-77.595586	0	T:216.0(1.59%),B:208.3(0.61%),P:1e-33	Tpos:95.9,Tstd:57.7,Bpos:106.7,Bstd:59.7,StrandBias:-0.3,Multiplicity:1.11
0.001	0.997	0.001	0.001
0.001	0.734	0.001	0.264
0.933	0.001	0.065	0.001
0.001	0.001	0.001	0.997
0.042	0.001	0.956	0.001
0.001	0.001	0.997	0.001
0.202	0.548	0.001	0.249
0.997	0.001	0.001	0.001
0.997	0.001	0.001	0.001
0.001	0.997	0.001	0.001
>GCAGATCACA	25-GCAGATCACA	10.296193	-23.673927	0	T:17.0(0.13%),B:5.6(0.02%),P:1e-10	Tpos:84.8,Tstd:43.8,Bpos:112.6,Bstd:44.8,StrandBias:1.1,Multiplicity:1.00
0.100	0.100	0.700	0.100
0.100	0.700	0.100	0.100
0.700	0.100	0.100	0.100
0.100	0.100	0.700	0.100
0.700	0.100	0.100	0.100
0.100	0.100	0.100	0.700
0.100	0.700	0.100	0.100
0.700	0.100	0.100	0.100
0.100	0.700	0.100	0.100
0.700	0.100	0.100	0.100
