>CCTTTGAWSTBN	1-CCTTTGAWSTBN	8.288573	-3701.163919	0	T:3544.0(26.08%),B:1514.2(4.44%),P:1e-1607	Tpos:99.3,Tstd:42.1,Bpos:102.5,Bstd:64.3,StrandBias:0.1,Multiplicity:1.11
0.092	0.463	0.235	0.211
0.001	0.855	0.002	0.142
0.001	0.001	0.001	0.997
0.001	0.001	0.001	0.997
0.001	0.001	0.001	0.997
0.016	0.198	0.765	0.021
0.929	0.001	0.001	0.069
0.436	0.001	0.002	0.561
0.088	0.414	0.429	0.070
0.222	0.167	0.001	0.610
0.170	0.280	0.204	0.345
0.229	0.256	0.216	0.299
>TTAATKRNNNNN	2-TTAATKRNNNNN	5.974533	-2458.257700	0	T:8583.0(63.15%),B:11488.8(33.67%),P:1e-1067	Tpos:100.9,Tstd:52.1,Bpos:101.0,Bstd:70.8,StrandBias:-0.0,Multiplicity:1.48
0.164	0.244	0.187	0.405
0.104	0.001	0.001	0.894
0.681	0.001	0.001	0.317
0.997	0.001	0.001	0.001
0.001	0.001	0.001	0.997
0.008	0.001	0.435	0.556
0.557	0.001	0.415	0.027
0.282	0.234	0.300	0.184
0.246	0.274	0.234	0.246
0.246	0.251	0.192	0.310
0.238	0.275	0.228	0.259
0.244	0.239	0.223	0.293
>TAATTAAAAMCA	3-TAATTAAAAMCA	6.962111	-2222.509129	0	T:4696.0(34.55%),B:4232.3(12.41%),P:1e-965	Tpos:100.5,Tstd:52.3,Bpos:100.6,Bstd:67.6,StrandBias:0.1,Multiplicity:1.21
0.282	0.077	0.001	0.640
0.706	0.035	0.164	0.095
0.997	0.001	0.001	0.001
0.001	0.015	0.046	0.938
0.134	0.132	0.235	0.499
0.538	0.050	0.301	0.111
0.501	0.174	0.312	0.013
0.480	0.106	0.121	0.293
0.438	0.124	0.168	0.269
0.332	0.382	0.188	0.097
0.014	0.984	0.001	0.001
0.986	0.001	0.001	0.012
>WWCCAGATGTKN	4-WWCCAGATGTKN	6.687023	-2008.900744	0	T:3711.0(27.30%),B:2956.5(8.67%),P:1e-872	Tpos:100.6,Tstd:52.0,Bpos:100.5,Bstd:63.3,StrandBias:-0.0,Multiplicity:1.14
0.423	0.167	0.134	0.276
0.403	0.098	0.189	0.310
0.294	0.595	0.108	0.003
0.001	0.997	0.001	0.001
0.997	0.001	0.001	0.001
0.001	0.059	0.909	0.031
0.751	0.238	0.010	0.001
0.001	0.001	0.001	0.997
0.001	0.001	0.997	0.001
0.001	0.057	0.064	0.878
0.008	0.128	0.435	0.430
0.185	0.212	0.284	0.319
>NACTTCAAAGGV	5-NACTTCAAAGGV	7.248642	-1905.975375	0	T:3357.0(24.70%),B:2553.5(7.48%),P:1e-827	Tpos:100.1,Tstd:50.8,Bpos:101.5,Bstd:65.0,StrandBias:0.1,Multiplicity:1.05
0.274	0.259	0.241	0.226
0.712	0.106	0.075	0.107
0.065	0.729	0.100	0.106
0.075	0.078	0.017	0.830
0.052	0.043	0.053	0.852
0.105	0.744	0.065	0.086
0.918	0.042	0.001	0.039
0.820	0.085	0.074	0.021
0.916	0.001	0.057	0.026
0.100	0.038	0.790	0.072
0.141	0.079	0.690	0.090
0.320	0.276	0.248	0.155
>TGATTTATGGCC	6-TGATTTATGGCC	7.094908	-1724.540517	0	T:3202.0(23.56%),B:2520.5(7.39%),P:1e-748	Tpos:99.9,Tstd:50.4,Bpos:99.5,Bstd:68.7,StrandBias:-0.1,Multiplicity:1.12
0.210	0.006	0.105	0.679
0.103	0.038	0.739	0.120
0.731	0.041	0.037	0.191
0.051	0.012	0.026	0.911
0.032	0.005	0.019	0.944
0.081	0.031	0.054	0.834
0.963	0.010	0.024	0.003
0.032	0.065	0.030	0.873
0.190	0.047	0.527	0.236
0.333	0.039	0.506	0.122
0.137	0.495	0.203	0.165
0.121	0.507	0.121	0.251
>AGATCAAAGGCM	7-AGATCAAAGGCM	7.838157	-1342.401690	0	T:2245.0(16.52%),B:1586.8(4.65%),P:1e-582	Tpos:101.7,Tstd:52.1,Bpos:101.3,Bstd:61.3,StrandBias:0.1,Multiplicity:1.03
0.749	0.013	0.122	0.116
0.211	0.117	0.599	0.073
0.722	0.123	0.090	0.065
0.213	0.038	0.159	0.590
0.112	0.573	0.234	0.081
0.938	0.025	0.014	0.023
0.756	0.103	0.126	0.015
0.921	0.011	0.046	0.022
0.153	0.016	0.724	0.107
0.121	0.147	0.616	0.116
0.177	0.499	0.229	0.095
0.342	0.411	0.024	0.223
>ATCAAAGCRGCG	8-ATCAAAGCRGCG	6.838171	-988.467392	0	T:2646.0(19.47%),B:2593.6(7.60%),P:1e-429	Tpos:98.3,Tstd:52.4,Bpos:101.4,Bstd:65.7,StrandBias:0.0,Multiplicity:1.04
0.740	0.094	0.057	0.109
0.115	0.031	0.083	0.771
0.081	0.747	0.110	0.062
0.933	0.042	0.004	0.021
0.825	0.084	0.080	0.011
0.902	0.008	0.059	0.031
0.040	0.031	0.898	0.031
0.162	0.549	0.163	0.126
0.311	0.060	0.450	0.179
0.062	0.090	0.804	0.044
0.180	0.462	0.179	0.178
0.169	0.224	0.395	0.211
>CNTTTCAAAGNN	9-CNTTTCAAAGNN	5.310325	-682.464670	0	T:2165.0(15.93%),B:2297.5(6.73%),P:1e-296	Tpos:101.9,Tstd:53.2,Bpos:103.4,Bstd:65.2,StrandBias:-0.1,Multiplicity:1.03
0.216	0.423	0.183	0.179
0.187	0.333	0.280	0.199
0.119	0.134	0.242	0.505
0.146	0.131	0.154	0.569
0.132	0.128	0.139	0.601
0.122	0.634	0.125	0.119
0.547	0.094	0.263	0.096
0.604	0.140	0.122	0.134
0.510	0.238	0.146	0.106
0.105	0.146	0.643	0.106
0.214	0.350	0.235	0.201
0.225	0.279	0.287	0.208
>ATTTACGAGGTG	10-ATTTACGAGGTG	7.247907	-469.999903	0	T:1224.0(9.01%),B:1141.9(3.35%),P:1e-204	Tpos:98.8,Tstd:52.0,Bpos:101.3,Bstd:65.4,StrandBias:-0.1,Multiplicity:1.03
0.733	0.070	0.072	0.125
0.067	0.057	0.076	0.800
0.058	0.049	0.058	0.835
0.094	0.075	0.078	0.753
0.785	0.078	0.078	0.059
0.151	0.569	0.102	0.178
0.205	0.125	0.549	0.121
0.802	0.035	0.079	0.084
0.068	0.044	0.774	0.114
0.064	0.096	0.768	0.072
0.081	0.037	0.069	0.813
0.047	0.077	0.819	0.057
>ARGTGYTGACAG	11-ARGTGYTGACAG	5.849154	-372.164014	0	T:1066.0(7.84%),B:1046.6(3.07%),P:1e-161	Tpos:99.1,Tstd:49.1,Bpos:97.4,Bstd:63.3,StrandBias:-0.0,Multiplicity:1.03
0.569	0.023	0.165	0.243
0.420	0.001	0.556	0.023
0.001	0.286	0.712	0.001
0.001	0.001	0.011	0.987
0.001	0.001	0.997	0.001
0.143	0.416	0.082	0.359
0.001	0.001	0.001	0.997
0.011	0.001	0.987	0.001
0.997	0.001	0.001	0.001
0.207	0.791	0.001	0.001
0.997	0.001	0.001	0.001
0.041	0.001	0.947	0.011
>NTSCCWGCWGGV	12-NTSCCWGCWGGV	6.308480	-354.778234	0	T:3145.0(23.14%),B:4970.0(14.57%),P:1e-154	Tpos:101.9,Tstd:54.0,Bpos:99.8,Bstd:66.8,StrandBias:0.0,Multiplicity:1.16
0.204	0.328	0.228	0.240
0.211	0.224	0.187	0.377
0.097	0.376	0.308	0.219
0.194	0.462	0.109	0.234
0.008	0.988	0.001	0.003
0.463	0.056	0.007	0.474
0.006	0.228	0.745	0.021
0.077	0.732	0.190	0.001
0.533	0.010	0.019	0.438
0.094	0.001	0.781	0.124
0.208	0.169	0.462	0.161
0.199	0.310	0.333	0.158
>CAGATGGCCTKT	13-CAGATGGCCTKT	6.586933	-323.595828	0	T:1402.0(10.32%),B:1692.9(4.96%),P:1e-140	Tpos:97.2,Tstd:55.0,Bpos:101.0,Bstd:66.6,StrandBias:0.0,Multiplicity:1.06
0.114	0.739	0.081	0.066
0.739	0.072	0.048	0.141
0.187	0.181	0.500	0.133
0.466	0.272	0.187	0.075
0.251	0.069	0.176	0.504
0.116	0.051	0.625	0.208
0.133	0.215	0.566	0.086
0.188	0.597	0.124	0.091
0.239	0.551	0.049	0.161
0.178	0.071	0.069	0.682
0.052	0.248	0.410	0.290
0.164	0.191	0.182	0.463
>NACATCAAACAG	14-NACATCAAACAG	10.115203	-291.919203	0	T:318.0(2.34%),B:143.8(0.42%),P:1e-126	Tpos:101.9,Tstd:47.9,Bpos:101.0,Bstd:62.7,StrandBias:0.2,Multiplicity:1.01
0.266	0.249	0.288	0.197
0.779	0.001	0.001	0.219
0.062	0.592	0.283	0.063
0.660	0.001	0.001	0.338
0.001	0.023	0.006	0.970
0.001	0.801	0.115	0.083
0.997	0.001	0.001	0.001
0.898	0.095	0.001	0.006
0.897	0.006	0.001	0.096
0.114	0.736	0.001	0.149
0.969	0.029	0.001	0.001
0.151	0.196	0.574	0.079
>RCAGGAAATKAV	15-RCAGGAAATKAV	9.606959	-251.005755	0	T:428.0(3.15%),B:294.5(0.86%),P:1e-109	Tpos:100.2,Tstd:53.0,Bpos:104.5,Bstd:66.2,StrandBias:-0.1,Multiplicity:1.01
0.368	0.082	0.471	0.079
0.028	0.816	0.089	0.067
0.968	0.001	0.001	0.030
0.001	0.007	0.980	0.012
0.008	0.001	0.706	0.285
0.936	0.001	0.062	0.001
0.961	0.001	0.015	0.023
0.983	0.001	0.015	0.001
0.042	0.016	0.042	0.900
0.023	0.001	0.459	0.517
0.521	0.085	0.342	0.052
0.339	0.298	0.320	0.043
>GCAGGCTGTAAA	16-GCAGGCTGTAAA	7.307232	-228.492830	0	T:1264.0(9.30%),B:1675.8(4.91%),P:1e-99	Tpos:98.3,Tstd:55.1,Bpos:98.0,Bstd:66.9,StrandBias:0.0,Multiplicity:1.03
0.079	0.105	0.689	0.127
0.097	0.718	0.106	0.079
0.757	0.034	0.058	0.151
0.103	0.009	0.805	0.083
0.103	0.105	0.716	0.076
0.055	0.770	0.081	0.094
0.098	0.003	0.002	0.897
0.077	0.041	0.776	0.106
0.091	0.118	0.105	0.686
0.674	0.106	0.127	0.093
0.779	0.086	0.080	0.055
0.737	0.073	0.072	0.118
>CGTCATTTATCA	17-CGTCATTTATCA	7.551462	-187.906751	0	T:823.0(6.06%),B:989.5(2.90%),P:1e-81	Tpos:92.8,Tstd:54.5,Bpos:102.2,Bstd:67.2,StrandBias:0.2,Multiplicity:1.03
0.164	0.566	0.120	0.150
0.135	0.203	0.567	0.095
0.077	0.096	0.093	0.734
0.092	0.768	0.059	0.081
0.834	0.064	0.029	0.073
0.043	0.058	0.054	0.845
0.077	0.095	0.042	0.786
0.052	0.128	0.049	0.771
0.701	0.088	0.090	0.121
0.071	0.079	0.080	0.770
0.062	0.830	0.048	0.060
0.830	0.053	0.022	0.095
>TTCCATATGGYK	18-TTCCATATGGYK	10.182198	-180.047608	0	T:207.0(1.52%),B:99.1(0.29%),P:1e-78	Tpos:111.6,Tstd:53.0,Bpos:92.3,Bstd:61.3,StrandBias:-0.2,Multiplicity:1.01
0.001	0.031	0.010	0.958
0.058	0.091	0.147	0.704
0.037	0.952	0.010	0.001
0.001	0.997	0.001	0.001
0.925	0.001	0.001	0.073
0.053	0.053	0.002	0.892
0.606	0.297	0.096	0.001
0.001	0.001	0.001	0.997
0.001	0.001	0.988	0.010
0.037	0.169	0.746	0.048
0.147	0.363	0.080	0.410
0.159	0.165	0.304	0.372
>KGGGGGAGGGGR	19-KGGGGGAGGGGR	9.904720	-177.914506	0	T:876.0(6.45%),B:1105.6(3.24%),P:1e-77	Tpos:100.7,Tstd:57.3,Bpos:100.4,Bstd:60.6,StrandBias:0.1,Multiplicity:1.16
0.162	0.061	0.410	0.367
0.001	0.001	0.997	0.001
0.001	0.001	0.997	0.001
0.091	0.001	0.827	0.081
0.001	0.001	0.997	0.001
0.154	0.049	0.744	0.053
0.642	0.001	0.001	0.356
0.108	0.001	0.800	0.091
0.023	0.001	0.975	0.001
0.086	0.001	0.912	0.001
0.168	0.144	0.668	0.020
0.284	0.147	0.417	0.152
>BCCCTGGGGRVH	20-BCCCTGGGGRVH	7.691372	-134.536032	0	T:787.0(5.79%),B:1058.5(3.10%),P:1e-58	Tpos:98.3,Tstd:52.9,Bpos:99.8,Bstd:60.9,StrandBias:0.1,Multiplicity:1.04
0.125	0.313	0.285	0.277
0.001	0.646	0.195	0.158
0.097	0.646	0.001	0.256
0.016	0.886	0.001	0.097
0.353	0.060	0.029	0.558
0.012	0.001	0.865	0.122
0.199	0.007	0.568	0.226
0.007	0.001	0.991	0.001
0.291	0.066	0.523	0.120
0.316	0.119	0.455	0.111
0.293	0.300	0.340	0.067
0.344	0.240	0.170	0.246
>CCACTTAATCAC	21-CCACTTAATCAC	9.399800	-117.396209	0	T:181.0(1.33%),B:115.2(0.34%),P:1e-50	Tpos:85.5,Tstd:49.9,Bpos:93.6,Bstd:52.7,StrandBias:-0.2,Multiplicity:1.03
0.190	0.531	0.108	0.171
0.179	0.796	0.001	0.024
0.812	0.090	0.004	0.094
0.008	0.780	0.163	0.049
0.197	0.012	0.001	0.790
0.116	0.165	0.008	0.711
0.736	0.236	0.016	0.012
0.869	0.008	0.122	0.001
0.120	0.102	0.057	0.721
0.152	0.816	0.020	0.012
0.885	0.110	0.001	0.004
0.142	0.640	0.124	0.094
>CGCGCCATAAAC	22-CGCGCCATAAAC	9.942325	-111.321407	0	T:84.0(0.62%),B:24.3(0.07%),P:1e-48	Tpos:92.7,Tstd:47.3,Bpos:115.8,Bstd:72.6,StrandBias:0.6,Multiplicity:1.00
0.110	0.804	0.055	0.031
0.118	0.226	0.489	0.167
0.157	0.717	0.079	0.047
0.142	0.047	0.572	0.239
0.031	0.907	0.031	0.031
0.015	0.953	0.001	0.031
0.932	0.016	0.036	0.016
0.016	0.047	0.063	0.874
0.969	0.015	0.015	0.001
0.969	0.015	0.015	0.001
0.952	0.016	0.016	0.016
0.039	0.882	0.016	0.063
>GTTKCCATGGYA	23-GTTKCCATGGYA	10.074704	-84.831275	0	T:176.0(1.29%),B:141.8(0.42%),P:1e-36	Tpos:93.9,Tstd:55.3,Bpos:102.8,Bstd:56.9,StrandBias:0.1,Multiplicity:1.01
0.001	0.001	0.997	0.001
0.020	0.001	0.001	0.978
0.001	0.216	0.042	0.741
0.154	0.107	0.344	0.396
0.001	0.850	0.001	0.148
0.021	0.701	0.001	0.277
0.957	0.001	0.041	0.001
0.001	0.001	0.001	0.997
0.278	0.001	0.720	0.001
0.022	0.095	0.882	0.001
0.193	0.360	0.128	0.319
0.531	0.001	0.340	0.128
>GCCAGATGTAGT	24-GCCAGATGTAGT	11.048490	-58.064513	0	T:48.0(0.35%),B:16.6(0.05%),P:1e-25	Tpos:85.1,Tstd:55.9,Bpos:96.4,Bstd:48.2,StrandBias:0.4,Multiplicity:1.00
0.030	0.047	0.825	0.098
0.131	0.777	0.046	0.046
0.031	0.939	0.015	0.015
0.940	0.015	0.015	0.030
0.076	0.030	0.833	0.061
0.894	0.030	0.061	0.015
0.031	0.046	0.047	0.876
0.030	0.046	0.862	0.062
0.047	0.123	0.217	0.613
0.924	0.015	0.015	0.046
0.099	0.077	0.778	0.046
0.062	0.061	0.122	0.755
>TTCTBGCCATAT	25-TTCTBGCCATAT	9.786415	-24.719710	0	T:16.0(0.12%),B:4.2(0.01%),P:1e-10	Tpos:97.0,Tstd:57.8,Bpos:124.8,Bstd:26.5,StrandBias:4.5,Multiplicity:1.50
0.122	0.136	0.138	0.604
0.065	0.254	0.156	0.525
0.010	0.762	0.075	0.153
0.099	0.102	0.004	0.795
0.181	0.351	0.239	0.228
0.132	0.192	0.538	0.138
0.175	0.745	0.072	0.008
0.161	0.831	0.002	0.006
0.683	0.129	0.056	0.132
0.011	0.267	0.177	0.545
0.563	0.114	0.138	0.185
0.112	0.072	0.108	0.708
