>GATCAAAG	1-GATCAAAG	7.807210	-3229.635473	0	T:3437.0(25.29%),B:1652.3(4.84%),P:1e-1402	Tpos:100.0,Tstd:42.4,Bpos:101.2,Bstd:65.7,StrandBias:-0.0,Multiplicity:1.11
0.016	0.327	0.530	0.127
0.615	0.001	0.022	0.362
0.042	0.001	0.001	0.956
0.105	0.552	0.253	0.090
0.985	0.001	0.007	0.007
0.944	0.020	0.020	0.016
0.907	0.026	0.013	0.054
0.099	0.153	0.712	0.036
>CCTTTGAA	2-CCTTTGAA	6.578493	-2356.503479	0	T:5067.0(37.28%),B:4674.2(13.70%),P:1e-1023	Tpos:100.1,Tstd:50.6,Bpos:102.2,Bstd:66.5,StrandBias:-0.1,Multiplicity:1.14
0.038	0.831	0.116	0.015
0.001	0.835	0.043	0.121
0.001	0.009	0.002	0.988
0.001	0.001	0.001	0.997
0.001	0.001	0.001	0.997
0.047	0.097	0.812	0.044
0.960	0.001	0.001	0.038
0.727	0.052	0.048	0.173
>TAATTAGC	3-TAATTAGC	5.722102	-2299.659550	0	T:5714.0(42.04%),B:5871.5(17.21%),P:1e-998	Tpos:100.7,Tstd:51.6,Bpos:100.5,Bstd:72.3,StrandBias:-0.0,Multiplicity:1.35
0.015	0.152	0.001	0.832
0.745	0.145	0.044	0.066
0.986	0.005	0.004	0.005
0.029	0.027	0.001	0.943
0.042	0.025	0.215	0.718
0.794	0.017	0.153	0.036
0.206	0.218	0.532	0.044
0.183	0.449	0.222	0.146
>ACATCTGG	4-ACATCTGG	5.359723	-2003.030466	0	T:5720.0(42.09%),B:6334.7(18.57%),P:1e-869	Tpos:99.5,Tstd:53.1,Bpos:100.3,Bstd:64.3,StrandBias:0.0,Multiplicity:1.30
0.807	0.114	0.062	0.017
0.001	0.997	0.001	0.001
0.996	0.001	0.002	0.001
0.001	0.030	0.103	0.866
0.078	0.882	0.039	0.001
0.001	0.001	0.001	0.997
0.001	0.001	0.997	0.001
0.010	0.054	0.785	0.151
>GCCATAAA	5-GCCATAAA	6.329260	-1867.710400	0	T:5122.0(37.69%),B:5452.5(15.98%),P:1e-811	Tpos:99.8,Tstd:51.8,Bpos:102.6,Bstd:70.0,StrandBias:0.1,Multiplicity:1.23
0.109	0.287	0.540	0.064
0.016	0.614	0.013	0.357
0.249	0.576	0.013	0.162
0.791	0.005	0.185	0.019
0.014	0.013	0.024	0.949
0.723	0.018	0.001	0.258
0.945	0.019	0.002	0.034
0.864	0.025	0.049	0.062
>CGCTTTSA	6-CGCTTTSA	4.843051	-1657.645720	0	T:8076.0(59.42%),B:11995.9(35.16%),P:1e-719	Tpos:99.6,Tstd:56.1,Bpos:101.2,Bstd:66.2,StrandBias:0.0,Multiplicity:1.18
0.005	0.673	0.181	0.141
0.034	0.163	0.641	0.162
0.115	0.484	0.310	0.091
0.025	0.061	0.039	0.875
0.043	0.066	0.148	0.743
0.077	0.044	0.028	0.851
0.084	0.420	0.417	0.079
0.789	0.072	0.080	0.059
>WTHAATYA	7-WTHAATYA	5.004248	-1603.523111	0	T:8658.0(63.70%),B:13522.6(39.64%),P:1e-696	Tpos:100.1,Tstd:55.2,Bpos:99.2,Bstd:69.5,StrandBias:-0.1,Multiplicity:1.28
0.484	0.015	0.047	0.453
0.001	0.219	0.233	0.547
0.279	0.360	0.025	0.336
0.635	0.185	0.156	0.024
0.817	0.081	0.024	0.078
0.039	0.001	0.008	0.952
0.039	0.430	0.001	0.530
0.835	0.001	0.148	0.016
>GTGATTTA	8-GTGATTTA	6.221956	-1330.894048	0	T:4190.0(30.83%),B:4660.2(13.66%),P:1e-577	Tpos:100.8,Tstd:52.9,Bpos:99.3,Bstd:72.3,StrandBias:-0.0,Multiplicity:1.17
0.076	0.202	0.573	0.149
0.098	0.157	0.109	0.636
0.216	0.145	0.596	0.043
0.850	0.007	0.047	0.096
0.067	0.002	0.007	0.924
0.018	0.015	0.018	0.949
0.281	0.006	0.085	0.628
0.845	0.074	0.064	0.017
>CBCGTTAA	9-CBCGTTAA	4.619908	-1185.423538	0	T:7795.0(57.35%),B:12549.9(36.79%),P:1e-514	Tpos:99.5,Tstd:54.2,Bpos:100.2,Bstd:70.5,StrandBias:-0.0,Multiplicity:1.31
0.196	0.523	0.179	0.102
0.072	0.304	0.331	0.293
0.090	0.593	0.061	0.256
0.354	0.028	0.554	0.064
0.034	0.050	0.016	0.900
0.139	0.023	0.004	0.834
0.925	0.017	0.014	0.044
0.853	0.056	0.013	0.078
>ACGTCAAA	10-ACGTCAAA	5.211891	-1051.890219	0	T:1576.0(11.60%),B:997.6(2.92%),P:1e-456	Tpos:99.8,Tstd:49.9,Bpos:100.9,Bstd:65.7,StrandBias:0.1,Multiplicity:1.02
0.997	0.001	0.001	0.001
0.001	0.997	0.001	0.001
0.080	0.001	0.769	0.150
0.001	0.001	0.001	0.997
0.001	0.997	0.001	0.001
0.997	0.001	0.001	0.001
0.997	0.001	0.001	0.001
0.979	0.001	0.001	0.019
>TGATTTAT	11-TGATTTAT	7.380714	-933.015804	0	T:2355.0(17.33%),B:2214.7(6.49%),P:1e-405	Tpos:96.3,Tstd:54.6,Bpos:100.7,Bstd:65.7,StrandBias:-0.2,Multiplicity:1.03
0.177	0.068	0.228	0.527
0.001	0.034	0.964	0.001
0.815	0.135	0.049	0.001
0.025	0.001	0.234	0.740
0.159	0.001	0.001	0.839
0.194	0.157	0.001	0.648
0.997	0.001	0.001	0.001
0.001	0.178	0.043	0.778
>CTTTGATC	12-CTTTGATC	7.307681	-811.019482	0	T:1793.0(13.19%),B:1531.0(4.49%),P:1e-352	Tpos:100.1,Tstd:50.6,Bpos:102.4,Bstd:62.6,StrandBias:0.1,Multiplicity:1.02
0.102	0.601	0.220	0.077
0.113	0.001	0.047	0.839
0.077	0.126	0.099	0.698
0.033	0.044	0.001	0.922
0.001	0.001	0.875	0.123
0.642	0.001	0.001	0.356
0.066	0.054	0.001	0.879
0.082	0.837	0.018	0.063
>CTGTCAAC	13-CTGTCAAC	5.882878	-616.583532	0	T:3714.0(27.33%),B:5300.6(15.54%),P:1e-267	Tpos:100.9,Tstd:52.6,Bpos:99.5,Bstd:66.5,StrandBias:-0.1,Multiplicity:1.11
0.039	0.902	0.001	0.058
0.001	0.001	0.001	0.997
0.001	0.001	0.893	0.105
0.001	0.050	0.001	0.948
0.016	0.959	0.021	0.004
0.982	0.001	0.016	0.001
0.706	0.001	0.215	0.078
0.070	0.837	0.092	0.001
>SCCTGCGG	14-SCCTGCGG	5.095286	-548.872601	0	T:6885.0(50.66%),B:12537.9(36.75%),P:1e-238	Tpos:100.4,Tstd:54.8,Bpos:99.3,Bstd:70.5,StrandBias:0.0,Multiplicity:1.48
0.057	0.394	0.399	0.150
0.128	0.751	0.074	0.047
0.009	0.985	0.005	0.001
0.292	0.221	0.035	0.452
0.026	0.328	0.586	0.060
0.132	0.556	0.134	0.178
0.243	0.089	0.435	0.233
0.009	0.001	0.989	0.001
>AAACACGT	15-AAACACGT	5.768338	-516.452018	0	T:3488.0(25.66%),B:5137.6(15.06%),P:1e-224	Tpos:99.6,Tstd:55.4,Bpos:98.4,Bstd:65.3,StrandBias:0.0,Multiplicity:1.07
0.674	0.134	0.059	0.133
0.903	0.074	0.020	0.003
0.781	0.056	0.046	0.117
0.112	0.789	0.060	0.039
0.782	0.075	0.061	0.082
0.022	0.733	0.194	0.051
0.116	0.149	0.545	0.190
0.052	0.074	0.076	0.798
>TGCAGCTG	16-TGCAGCTG	6.811669	-485.365511	0	T:1737.0(12.78%),B:1937.6(5.68%),P:1e-210	Tpos:99.5,Tstd:55.5,Bpos:98.4,Bstd:77.5,StrandBias:0.0,Multiplicity:1.02
0.001	0.001	0.329	0.669
0.001	0.206	0.792	0.001
0.001	0.997	0.001	0.001
0.997	0.001	0.001	0.001
0.001	0.001	0.997	0.001
0.001	0.997	0.001	0.001
0.001	0.054	0.001	0.944
0.001	0.001	0.997	0.001
>GCCGTCTG	17-GCCGTCTG	5.077673	-431.920677	0	T:3403.0(25.04%),B:5233.3(15.34%),P:1e-187	Tpos:98.5,Tstd:56.5,Bpos:99.9,Bstd:73.0,StrandBias:0.1,Multiplicity:1.11
0.096	0.045	0.786	0.073
0.087	0.790	0.040	0.083
0.069	0.734	0.098	0.099
0.114	0.077	0.758	0.051
0.075	0.084	0.163	0.678
0.066	0.685	0.082	0.167
0.108	0.022	0.041	0.829
0.078	0.060	0.743	0.119
>GCCGTAAT	18-GCCGTAAT	5.424741	-333.958501	0	T:1385.0(10.19%),B:1640.9(4.81%),P:1e-145	Tpos:98.1,Tstd:55.7,Bpos:100.5,Bstd:72.8,StrandBias:-0.1,Multiplicity:1.03
0.080	0.092	0.781	0.047
0.056	0.716	0.125	0.103
0.096	0.643	0.152	0.109
0.082	0.111	0.735	0.072
0.105	0.154	0.080	0.661
0.844	0.027	0.061	0.068
0.787	0.065	0.025	0.123
0.043	0.063	0.058	0.836
>CTAATAGC	19-CTAATAGC	7.406116	-328.089182	0	T:1131.0(8.32%),B:1224.3(3.59%),P:1e-142	Tpos:101.3,Tstd:54.2,Bpos:99.3,Bstd:70.3,StrandBias:-0.2,Multiplicity:1.02
0.001	0.881	0.117	0.001
0.001	0.001	0.001	0.997
0.997	0.001	0.001	0.001
0.997	0.001	0.001	0.001
0.001	0.001	0.001	0.997
0.564	0.225	0.210	0.001
0.319	0.047	0.633	0.001
0.001	0.596	0.402	0.001
>BAAWTTAY	20-BAAWTTAY	4.863526	-277.954053	0	T:2157.0(15.87%),B:3235.4(9.48%),P:1e-120	Tpos:100.2,Tstd:54.5,Bpos:100.4,Bstd:70.8,StrandBias:0.0,Multiplicity:1.03
0.118	0.327	0.217	0.338
0.429	0.201	0.276	0.094
0.777	0.103	0.060	0.060
0.498	0.050	0.086	0.366
0.169	0.129	0.090	0.612
0.225	0.167	0.152	0.455
0.703	0.124	0.172	0.001
0.160	0.289	0.198	0.353
>ATTTCCTG	21-ATTTCCTG	7.344846	-244.130043	0	T:1599.0(11.77%),B:2258.0(6.62%),P:1e-106	Tpos:98.8,Tstd:55.2,Bpos:98.7,Bstd:64.1,StrandBias:0.1,Multiplicity:1.06
0.859	0.001	0.139	0.001
0.001	0.090	0.001	0.908
0.001	0.001	0.001	0.997
0.001	0.001	0.001	0.997
0.001	0.997	0.001	0.001
0.001	0.997	0.001	0.001
0.001	0.046	0.039	0.914
0.001	0.212	0.786	0.001
>AAGTGTCA	22-AAGTGTCA	7.010021	-214.535354	0	T:1943.0(14.30%),B:3033.0(8.89%),P:1e-93	Tpos:100.6,Tstd:55.0,Bpos:100.9,Bstd:63.8,StrandBias:0.1,Multiplicity:1.05
0.726	0.001	0.272	0.001
0.672	0.078	0.249	0.001
0.292	0.001	0.706	0.001
0.001	0.001	0.308	0.690
0.001	0.001	0.994	0.004
0.187	0.001	0.001	0.811
0.001	0.662	0.185	0.152
0.860	0.001	0.138	0.001
>GYTGTAAA	23-GYTGTAAA	8.215069	-167.368193	0	T:600.0(4.41%),B:658.0(1.93%),P:1e-72	Tpos:106.7,Tstd:55.1,Bpos:96.1,Bstd:67.9,StrandBias:0.0,Multiplicity:1.01
0.001	0.001	0.997	0.001
0.001	0.435	0.001	0.563
0.102	0.001	0.001	0.896
0.001	0.001	0.997	0.001
0.001	0.001	0.001	0.997
0.997	0.001	0.001	0.001
0.997	0.001	0.001	0.001
0.997	0.001	0.001	0.001
>GGGGGAGG	24-GGGGGAGG	7.326647	-162.013864	0	T:1748.0(12.86%),B:2845.0(8.34%),P:1e-70	Tpos:100.3,Tstd:58.5,Bpos:99.0,Bstd:63.2,StrandBias:0.0,Multiplicity:1.18
0.001	0.001	0.997	0.001
0.001	0.001	0.929	0.069
0.001	0.001	0.997	0.001
0.001	0.001	0.997	0.001
0.001	0.001	0.997	0.001
0.793	0.001	0.001	0.205
0.134	0.001	0.794	0.071
0.078	0.001	0.920	0.001
>ATAAACGR	25-ATAAACGR	6.598532	-136.016350	0	T:625.0(4.60%),B:765.2(2.24%),P:1e-59	Tpos:98.9,Tstd:52.2,Bpos:94.4,Bstd:68.4,StrandBias:0.0,Multiplicity:1.01
0.905	0.001	0.093	0.001
0.001	0.001	0.001	0.997
0.808	0.001	0.143	0.048
0.997	0.001	0.001	0.001
0.889	0.001	0.001	0.109
0.041	0.957	0.001	0.001
0.001	0.035	0.963	0.001
0.418	0.001	0.439	0.143
