>CCTTTGAWSTTN	1-CCTTTGAWSTTN	7.119014	-4142.741723	0	T:5793.0(36.24%),B:3071.0(9.60%),P:1e-1799	Tpos:99.4,Tstd:43.7,Bpos:99.6,Bstd:62.9,StrandBias:-0.0,Multiplicity:1.17
0.084	0.429	0.236	0.251
0.019	0.836	0.039	0.106
0.008	0.011	0.001	0.980
0.001	0.029	0.029	0.941
0.001	0.001	0.001	0.997
0.046	0.160	0.739	0.055
0.872	0.021	0.006	0.101
0.410	0.016	0.018	0.556
0.076	0.446	0.404	0.074
0.190	0.163	0.039	0.608
0.163	0.233	0.211	0.393
0.216	0.241	0.222	0.322
>NNNVMCAGCTGK	2-NNNVMCAGCTGK	7.150686	-2020.819823	0	T:4864.0(30.43%),B:3722.3(11.64%),P:1e-877	Tpos:100.7,Tstd:51.8,Bpos:100.2,Bstd:61.6,StrandBias:-0.0,Multiplicity:1.20
0.265	0.216	0.327	0.193
0.312	0.223	0.234	0.230
0.313	0.211	0.228	0.248
0.371	0.270	0.238	0.120
0.416	0.391	0.192	0.001
0.001	0.997	0.001	0.001
0.997	0.001	0.001	0.001
0.001	0.043	0.598	0.358
0.325	0.611	0.063	0.001
0.016	0.001	0.001	0.982
0.001	0.001	0.997	0.001
0.002	0.195	0.426	0.377
>GTGATTTATGRC	3-GTGATTTATGRC	7.283647	-1765.380972	0	T:2989.0(18.70%),B:1714.3(5.36%),P:1e-766	Tpos:100.3,Tstd:50.5,Bpos:99.0,Bstd:69.4,StrandBias:-0.0,Multiplicity:1.11
0.229	0.178	0.438	0.155
0.179	0.011	0.095	0.715
0.089	0.042	0.793	0.076
0.778	0.039	0.025	0.158
0.049	0.004	0.020	0.927
0.043	0.007	0.017	0.933
0.117	0.023	0.056	0.804
0.963	0.016	0.016	0.005
0.039	0.068	0.018	0.875
0.185	0.020	0.521	0.274
0.351	0.058	0.477	0.114
0.182	0.474	0.220	0.123
>TAATTAGAACCA	4-TAATTAGAACCA	6.617774	-1652.947780	0	T:3652.0(22.85%),B:2572.8(8.04%),P:1e-717	Tpos:101.1,Tstd:52.7,Bpos:99.8,Bstd:68.7,StrandBias:0.0,Multiplicity:1.15
0.114	0.037	0.016	0.833
0.889	0.028	0.047	0.036
0.983	0.005	0.007	0.005
0.014	0.018	0.019	0.949
0.063	0.083	0.171	0.683
0.817	0.018	0.118	0.047
0.257	0.055	0.660	0.028
0.849	0.041	0.071	0.039
0.821	0.038	0.070	0.071
0.197	0.646	0.115	0.042
0.035	0.942	0.008	0.015
0.928	0.028	0.008	0.036
>TTAATGAGSTBW	5-TTAATGAGSTBW	6.932373	-1604.639310	0	T:4351.0(27.22%),B:3520.7(11.01%),P:1e-696	Tpos:100.2,Tstd:51.3,Bpos:99.1,Bstd:70.5,StrandBias:-0.0,Multiplicity:1.17
0.108	0.255	0.070	0.567
0.070	0.001	0.001	0.928
0.709	0.001	0.008	0.282
0.997	0.001	0.001	0.001
0.001	0.001	0.001	0.997
0.043	0.001	0.565	0.391
0.619	0.001	0.322	0.058
0.265	0.001	0.549	0.185
0.085	0.386	0.390	0.139
0.178	0.249	0.035	0.538
0.099	0.266	0.316	0.319
0.248	0.225	0.140	0.387
>RAGGCAATTAAH	6-RAGGCAATTAAH	6.118421	-1290.094757	0	T:5389.0(33.71%),B:5474.1(17.11%),P:1e-560	Tpos:101.1,Tstd:53.2,Bpos:98.3,Bstd:69.4,StrandBias:-0.0,Multiplicity:1.20
0.272	0.215	0.381	0.131
0.472	0.098	0.192	0.237
0.321	0.002	0.532	0.145
0.001	0.097	0.901	0.001
0.043	0.710	0.040	0.207
0.651	0.230	0.004	0.115
0.694	0.051	0.115	0.140
0.004	0.001	0.011	0.984
0.125	0.008	0.005	0.862
0.697	0.028	0.049	0.226
0.545	0.193	0.128	0.134
0.350	0.258	0.122	0.270
>TTAAAAGGCGCC	7-TTAAAAGGCGCC	4.394365	-1074.201156	0	T:5850.0(36.60%),B:6613.6(20.68%),P:1e-466	Tpos:99.7,Tstd:53.7,Bpos:100.3,Bstd:67.9,StrandBias:0.0,Multiplicity:1.16
0.075	0.023	0.028	0.874
0.072	0.051	0.062	0.815
0.774	0.114	0.040	0.072
0.863	0.045	0.058	0.034
0.898	0.023	0.034	0.045
0.909	0.023	0.045	0.023
0.101	0.011	0.882	0.006
0.028	0.076	0.856	0.040
0.094	0.752	0.089	0.065
0.135	0.092	0.661	0.112
0.023	0.878	0.062	0.037
0.049	0.846	0.011	0.094
>CTGTTTGAAGTG	8-CTGTTTGAAGTG	8.655068	-709.259982	0	T:925.0(5.79%),B:402.1(1.26%),P:1e-308	Tpos:101.5,Tstd:51.3,Bpos:104.6,Bstd:66.9,StrandBias:0.2,Multiplicity:1.01
0.047	0.647	0.150	0.156
0.051	0.248	0.035	0.666
0.135	0.092	0.707	0.066
0.006	0.062	0.001	0.931
0.001	0.069	0.045	0.885
0.005	0.001	0.001	0.993
0.060	0.082	0.827	0.031
0.983	0.001	0.015	0.001
0.775	0.006	0.019	0.200
0.174	0.094	0.731	0.001
0.113	0.029	0.089	0.769
0.126	0.168	0.538	0.168
>CTAATTAGCCAG	9-CTAATTAGCCAG	7.453242	-563.394114	0	T:1595.0(9.98%),B:1246.5(3.90%),P:1e-244	Tpos:101.6,Tstd:53.1,Bpos:101.0,Bstd:65.3,StrandBias:-0.1,Multiplicity:1.03
0.124	0.571	0.094	0.211
0.194	0.182	0.001	0.623
0.729	0.185	0.010	0.076
0.921	0.034	0.001	0.044
0.014	0.001	0.016	0.969
0.069	0.107	0.133	0.691
0.735	0.001	0.084	0.180
0.082	0.174	0.630	0.114
0.153	0.574	0.129	0.144
0.139	0.859	0.001	0.001
0.871	0.001	0.001	0.127
0.081	0.104	0.753	0.062
>ATTTACAGCCYG	10-ATTTACAGCCYG	5.292079	-528.880414	0	T:4838.0(30.27%),B:6242.9(19.52%),P:1e-229	Tpos:99.7,Tstd:55.2,Bpos:100.9,Bstd:64.5,StrandBias:-0.0,Multiplicity:1.14
0.415	0.179	0.201	0.204
0.196	0.246	0.135	0.423
0.060	0.102	0.071	0.767
0.088	0.103	0.118	0.691
0.686	0.118	0.097	0.099
0.055	0.825	0.084	0.036
0.677	0.135	0.123	0.065
0.044	0.088	0.841	0.027
0.061	0.790	0.101	0.048
0.083	0.652	0.212	0.053
0.162	0.383	0.186	0.269
0.153	0.183	0.471	0.192
>TGGAATTGATTA	11-TGGAATTGATTA	8.535114	-486.351784	0	T:824.0(5.15%),B:450.6(1.41%),P:1e-211	Tpos:99.8,Tstd:54.5,Bpos:101.8,Bstd:66.1,StrandBias:-0.2,Multiplicity:1.01
0.051	0.005	0.036	0.908
0.019	0.001	0.968	0.012
0.089	0.086	0.786	0.039
0.831	0.029	0.028	0.112
0.879	0.031	0.031	0.059
0.167	0.092	0.046	0.695
0.010	0.160	0.123	0.707
0.176	0.091	0.636	0.097
0.843	0.044	0.053	0.060
0.001	0.001	0.037	0.961
0.041	0.024	0.034	0.901
0.763	0.001	0.102	0.134
>AGGTGYTGACAG	12-AGGTGYTGACAG	8.224448	-411.136554	0	T:987.0(6.17%),B:692.1(2.16%),P:1e-178	Tpos:99.6,Tstd:48.5,Bpos:99.7,Bstd:62.2,StrandBias:-0.0,Multiplicity:1.03
0.512	0.087	0.198	0.203
0.320	0.069	0.498	0.113
0.050	0.242	0.613	0.095
0.097	0.037	0.068	0.798
0.014	0.044	0.899	0.043
0.204	0.332	0.107	0.358
0.046	0.004	0.026	0.924
0.083	0.057	0.792	0.068
0.919	0.015	0.047	0.019
0.237	0.666	0.062	0.035
0.929	0.001	0.005	0.065
0.154	0.028	0.684	0.134
>ATTTACGAGGTG	13-ATTTACGAGGTG	9.813565	-375.018739	0	T:266.0(1.66%),B:54.8(0.17%),P:1e-162	Tpos:93.4,Tstd:50.0,Bpos:86.6,Bstd:55.8,StrandBias:-0.4,Multiplicity:1.00
0.729	0.056	0.052	0.163
0.038	0.017	0.035	0.910
0.012	0.012	0.017	0.959
0.072	0.023	0.035	0.870
0.846	0.029	0.093	0.032
0.074	0.664	0.125	0.137
0.205	0.079	0.648	0.068
0.936	0.006	0.035	0.023
0.038	0.050	0.818	0.094
0.023	0.122	0.826	0.029
0.041	0.023	0.047	0.889
0.029	0.041	0.913	0.017
>GGGCTGATTGAT	14-GGGCTGATTGAT	9.368179	-327.157123	0	T:334.0(2.09%),B:111.3(0.35%),P:1e-142	Tpos:104.3,Tstd:49.4,Bpos:102.8,Bstd:64.2,StrandBias:-0.1,Multiplicity:1.00
0.179	0.001	0.679	0.141
0.225	0.012	0.576	0.187
0.046	0.031	0.898	0.025
0.127	0.735	0.037	0.101
0.102	0.001	0.001	0.896
0.171	0.006	0.805	0.018
0.727	0.006	0.001	0.266
0.001	0.006	0.068	0.925
0.030	0.001	0.006	0.963
0.154	0.071	0.672	0.103
0.960	0.015	0.001	0.024
0.239	0.006	0.071	0.684
>GTGGGGGAGGGG	15-GTGGGGGAGGGG	10.516730	-297.078884	0	T:1042.0(6.52%),B:902.8(2.82%),P:1e-129	Tpos:99.7,Tstd:55.2,Bpos:100.5,Bstd:61.2,StrandBias:0.0,Multiplicity:1.15
0.201	0.150	0.552	0.097
0.279	0.147	0.001	0.573
0.001	0.001	0.997	0.001
0.002	0.010	0.987	0.001
0.103	0.001	0.895	0.001
0.001	0.001	0.986	0.012
0.018	0.001	0.977	0.004
0.622	0.070	0.001	0.307
0.137	0.001	0.740	0.122
0.001	0.001	0.997	0.001
0.120	0.001	0.844	0.035
0.125	0.102	0.731	0.042
>TAACACGTCATT	16-TAACACGTCATT	7.546090	-259.659941	0	T:1005.0(6.29%),B:911.4(2.85%),P:1e-112	Tpos:99.4,Tstd:51.4,Bpos:95.6,Bstd:65.9,StrandBias:0.2,Multiplicity:1.02
0.134	0.106	0.068	0.692
0.741	0.098	0.084	0.077
0.839	0.051	0.071	0.039
0.095	0.784	0.051	0.070
0.886	0.049	0.005	0.060
0.158	0.584	0.103	0.155
0.174	0.204	0.402	0.220
0.058	0.047	0.063	0.832
0.080	0.796	0.056	0.068
0.835	0.071	0.005	0.089
0.068	0.071	0.038	0.823
0.071	0.084	0.063	0.782
>GCCAGGTGTTAA	17-GCCAGGTGTTAA	6.794548	-249.719939	0	T:532.0(3.33%),B:343.6(1.07%),P:1e-108	Tpos:101.4,Tstd:55.4,Bpos:98.5,Bstd:62.4,StrandBias:0.1,Multiplicity:1.01
0.193	0.162	0.461	0.184
0.146	0.532	0.182	0.140
0.166	0.675	0.074	0.085
0.702	0.075	0.028	0.195
0.140	0.052	0.625	0.183
0.139	0.146	0.577	0.138
0.184	0.029	0.165	0.622
0.097	0.126	0.617	0.160
0.138	0.146	0.129	0.587
0.138	0.178	0.177	0.507
0.523	0.160	0.136	0.181
0.472	0.166	0.190	0.172
>GAGCGCTAATTG	18-GAGCGCTAATTG	8.202204	-237.040525	0	T:356.0(2.23%),B:175.8(0.55%),P:1e-102	Tpos:104.3,Tstd:53.3,Bpos:91.5,Bstd:62.0,StrandBias:-0.1,Multiplicity:1.01
0.071	0.044	0.842	0.043
0.852	0.050	0.028	0.070
0.042	0.036	0.837	0.085
0.143	0.644	0.122	0.091
0.133	0.142	0.631	0.094
0.071	0.800	0.050	0.079
0.018	0.056	0.001	0.925
0.863	0.014	0.081	0.042
0.943	0.001	0.014	0.042
0.070	0.028	0.065	0.837
0.014	0.014	0.001	0.971
0.085	0.028	0.831	0.056
>CKCCCWGCAGGG	19-CKCCCWGCAGGG	8.150699	-206.551318	0	T:1078.0(6.74%),B:1108.5(3.47%),P:1e-89	Tpos:99.5,Tstd:52.6,Bpos:99.2,Bstd:62.7,StrandBias:0.0,Multiplicity:1.05
0.183	0.399	0.228	0.190
0.157	0.201	0.248	0.394
0.007	0.716	0.230	0.047
0.172	0.592	0.006	0.230
0.018	0.978	0.003	0.001
0.468	0.042	0.027	0.463
0.011	0.184	0.792	0.013
0.063	0.755	0.181	0.001
0.732	0.032	0.047	0.189
0.022	0.001	0.933	0.044
0.168	0.082	0.699	0.051
0.172	0.271	0.441	0.116
>CCACATGTGKHN	20-CCACATGTGKHN	7.132714	-144.548991	0	T:297.0(1.86%),B:187.6(0.59%),P:1e-62	Tpos:98.4,Tstd:53.6,Bpos:102.2,Bstd:58.4,StrandBias:0.2,Multiplicity:1.01
0.216	0.380	0.201	0.203
0.259	0.542	0.062	0.137
0.582	0.143	0.083	0.192
0.229	0.709	0.035	0.027
0.720	0.216	0.013	0.051
0.099	0.020	0.211	0.670
0.050	0.104	0.620	0.226
0.188	0.042	0.198	0.572
0.115	0.001	0.587	0.297
0.164	0.213	0.381	0.241
0.241	0.233	0.151	0.375
0.323	0.222	0.207	0.249
>TGACCTTTGACC	21-TGACCTTTGACC	9.841491	-137.908754	0	T:261.0(1.63%),B:155.5(0.49%),P:1e-59	Tpos:99.8,Tstd:52.1,Bpos:109.5,Bstd:60.3,StrandBias:0.0,Multiplicity:1.02
0.074	0.021	0.076	0.829
0.071	0.049	0.782	0.098
0.748	0.142	0.085	0.025
0.092	0.792	0.028	0.088
0.028	0.964	0.001	0.007
0.001	0.173	0.001	0.825
0.014	0.336	0.046	0.604
0.001	0.001	0.020	0.978
0.067	0.084	0.842	0.007
0.621	0.235	0.116	0.028
0.072	0.770	0.130	0.028
0.041	0.824	0.001	0.134
>CAGGCGCTTAAT	22-CAGGCGCTTAAT	8.463612	-106.810195	0	T:293.0(1.83%),B:222.6(0.70%),P:1e-46	Tpos:102.4,Tstd:55.9,Bpos:95.8,Bstd:63.8,StrandBias:0.0,Multiplicity:1.00
0.100	0.700	0.100	0.100
0.700	0.100	0.100	0.100
0.100	0.100	0.700	0.100
0.100	0.100	0.700	0.100
0.100	0.700	0.100	0.100
0.100	0.100	0.700	0.100
0.100	0.700	0.100	0.100
0.100	0.100	0.100	0.700
0.100	0.100	0.100	0.700
0.700	0.100	0.100	0.100
0.700	0.100	0.100	0.100
0.100	0.100	0.100	0.700
>GTTGCCATGGCA	23-GTTGCCATGGCA	9.336868	-86.437462	0	T:261.0(1.63%),B:209.9(0.66%),P:1e-37	Tpos:96.6,Tstd:54.9,Bpos:105.2,Bstd:66.0,StrandBias:-0.0,Multiplicity:1.00
0.142	0.022	0.829	0.007
0.026	0.029	0.001	0.944
0.001	0.227	0.059	0.713
0.168	0.122	0.509	0.201
0.049	0.862	0.029	0.060
0.007	0.903	0.001	0.089
0.875	0.110	0.014	0.001
0.037	0.048	0.044	0.871
0.094	0.001	0.904	0.001
0.059	0.034	0.885	0.022
0.211	0.520	0.104	0.165
0.733	0.001	0.175	0.091
>GCTTTAATCACC	24-GCTTTAATCACC	10.214365	-84.047554	0	T:48.0(0.30%),B:7.3(0.02%),P:1e-36	Tpos:82.5,Tstd:47.7,Bpos:62.2,Bstd:9.6,StrandBias:0.8,Multiplicity:1.00
0.114	0.090	0.728	0.068
0.058	0.829	0.057	0.056
0.048	0.079	0.023	0.850
0.023	0.056	0.045	0.876
0.086	0.045	0.079	0.790
0.861	0.047	0.068	0.024
0.830	0.034	0.102	0.034
0.045	0.045	0.069	0.841
0.068	0.876	0.045	0.011
0.909	0.056	0.001	0.034
0.092	0.774	0.068	0.066
0.017	0.836	0.068	0.079
>GARAACTGAMAA	25-GARAACTGAMAA	15.162628	-33.075169	0	T:19.0(0.12%),B:3.5(0.01%),P:1e-14	Tpos:118.9,Tstd:39.7,Bpos:121.5,Bstd:28.4,StrandBias:-2.9,Multiplicity:1.44
0.001	0.001	0.997	0.001
0.997	0.001	0.001	0.001
0.509	0.001	0.489	0.001
0.997	0.001	0.001	0.001
0.991	0.007	0.001	0.001
0.001	0.997	0.001	0.001
0.001	0.001	0.001	0.997
0.001	0.001	0.997	0.001
0.997	0.001	0.001	0.001
0.509	0.489	0.001	0.001
0.991	0.001	0.001	0.007
0.997	0.001	0.001	0.001
