>ACWTCAAAGG	1-ACWTCAAAGG	7.282478	-4176.138324	0	T:4566.0(28.56%),B:1831.9(5.73%),P:1e-1813	Tpos:99.5,Tstd:42.5,Bpos:100.9,Bstd:63.6,StrandBias:-0.0,Multiplicity:1.13
0.730	0.064	0.123	0.083
0.017	0.578	0.344	0.061
0.571	0.003	0.005	0.421
0.032	0.002	0.002	0.964
0.045	0.877	0.044	0.034
0.972	0.007	0.006	0.015
0.970	0.010	0.012	0.008
0.974	0.006	0.002	0.018
0.079	0.069	0.843	0.009
0.154	0.150	0.671	0.025
>CCTTTGATCT	2-CCTTTGATCT	7.316989	-3667.829336	0	T:4551.0(28.47%),B:2078.0(6.50%),P:1e-1592	Tpos:99.5,Tstd:48.0,Bpos:99.6,Bstd:63.0,StrandBias:-0.1,Multiplicity:1.04
0.101	0.433	0.249	0.217
0.074	0.709	0.135	0.082
0.041	0.144	0.001	0.814
0.001	0.001	0.006	0.992
0.001	0.001	0.001	0.997
0.104	0.244	0.626	0.026
0.807	0.001	0.001	0.191
0.227	0.063	0.070	0.640
0.038	0.581	0.259	0.122
0.199	0.178	0.133	0.490
>BTAATTAVCN	3-BTAATTAVCN	5.392800	-2339.644974	0	T:6860.0(42.92%),B:6157.4(19.25%),P:1e-1016	Tpos:100.6,Tstd:51.3,Bpos:100.2,Bstd:69.3,StrandBias:-0.0,Multiplicity:1.38
0.095	0.355	0.247	0.302
0.024	0.176	0.009	0.791
0.684	0.186	0.039	0.091
0.963	0.007	0.015	0.015
0.012	0.016	0.004	0.968
0.067	0.034	0.173	0.726
0.734	0.005	0.214	0.047
0.300	0.247	0.346	0.107
0.206	0.395	0.207	0.192
0.206	0.307	0.218	0.270
>RGSYNATTAA	4-RGSYNATTAA	5.655190	-2123.231569	0	T:7193.0(45.00%),B:6973.7(21.80%),P:1e-922	Tpos:101.4,Tstd:54.3,Bpos:100.3,Bstd:67.5,StrandBias:-0.0,Multiplicity:1.17
0.410	0.001	0.431	0.158
0.381	0.001	0.573	0.045
0.133	0.368	0.470	0.029
0.030	0.480	0.001	0.489
0.303	0.296	0.158	0.243
0.539	0.129	0.251	0.081
0.001	0.001	0.001	0.997
0.388	0.001	0.001	0.610
0.755	0.001	0.001	0.243
0.495	0.216	0.180	0.109
>NAMCAKMTGK	5-NAMCAKMTGK	6.709082	-2020.239763	0	T:4761.0(29.78%),B:3588.9(11.22%),P:1e-877	Tpos:100.4,Tstd:52.7,Bpos:100.1,Bstd:60.9,StrandBias:0.0,Multiplicity:1.19
0.314	0.186	0.243	0.258
0.463	0.180	0.162	0.195
0.473	0.411	0.115	0.001
0.001	0.997	0.001	0.001
0.997	0.001	0.001	0.001
0.001	0.008	0.480	0.511
0.454	0.544	0.001	0.001
0.001	0.001	0.001	0.997
0.001	0.001	0.997	0.001
0.001	0.108	0.492	0.399
>NSCCTTTAAW	6-NSCCTTTAAW	6.099907	-1853.962829	0	T:7587.0(47.46%),B:8038.0(25.13%),P:1e-805	Tpos:99.6,Tstd:52.1,Bpos:100.2,Bstd:68.4,StrandBias:-0.0,Multiplicity:1.23
0.246	0.216	0.296	0.242
0.006	0.479	0.514	0.001
0.140	0.492	0.318	0.050
0.051	0.635	0.001	0.313
0.095	0.012	0.001	0.892
0.011	0.001	0.296	0.692
0.001	0.001	0.072	0.926
0.400	0.180	0.199	0.222
0.997	0.001	0.001	0.001
0.534	0.042	0.004	0.420
>CCATAAATCA	7-CCATAAATCA	6.198196	-1781.988490	0	T:4806.0(30.07%),B:3919.5(12.25%),P:1e-773	Tpos:100.1,Tstd:51.7,Bpos:98.2,Bstd:67.7,StrandBias:0.1,Multiplicity:1.20
0.064	0.505	0.177	0.254
0.279	0.449	0.077	0.195
0.638	0.059	0.203	0.100
0.006	0.063	0.031	0.900
0.612	0.113	0.009	0.266
0.847	0.099	0.001	0.053
0.849	0.051	0.013	0.087
0.199	0.091	0.049	0.661
0.099	0.608	0.084	0.209
0.558	0.178	0.101	0.163
>AATTACCGCC	8-AATTACCGCC	4.640793	-1343.049630	0	T:4809.0(30.08%),B:4517.3(14.12%),P:1e-583	Tpos:100.5,Tstd:54.2,Bpos:101.1,Bstd:68.1,StrandBias:-0.0,Multiplicity:1.11
0.633	0.133	0.116	0.118
0.615	0.110	0.118	0.157
0.124	0.104	0.107	0.665
0.129	0.139	0.120	0.612
0.566	0.145	0.159	0.130
0.167	0.572	0.147	0.114
0.157	0.555	0.120	0.168
0.147	0.161	0.536	0.156
0.104	0.618	0.158	0.120
0.119	0.629	0.110	0.142
>GCGATTAATT	9-GCGATTAATT	4.922894	-1159.548528	0	T:5972.0(37.36%),B:6640.8(20.76%),P:1e-503	Tpos:98.2,Tstd:55.5,Bpos:98.8,Bstd:72.1,StrandBias:-0.1,Multiplicity:1.11
0.098	0.088	0.741	0.073
0.116	0.587	0.129	0.168
0.167	0.101	0.601	0.131
0.701	0.116	0.092	0.091
0.062	0.089	0.085	0.764
0.093	0.110	0.092	0.705
0.676	0.098	0.124	0.102
0.768	0.069	0.081	0.082
0.087	0.097	0.083	0.733
0.091	0.104	0.078	0.727
>CCAGCTGYVA	10-CCAGCTGYVA	6.618301	-1031.805206	0	T:4659.0(29.15%),B:4808.4(15.03%),P:1e-448	Tpos:101.3,Tstd:54.1,Bpos:99.3,Bstd:66.9,StrandBias:0.0,Multiplicity:1.09
0.176	0.455	0.301	0.069
0.086	0.812	0.101	0.001
0.993	0.001	0.005	0.001
0.001	0.041	0.957	0.001
0.295	0.582	0.106	0.017
0.001	0.157	0.001	0.841
0.001	0.001	0.997	0.001
0.179	0.357	0.195	0.270
0.297	0.375	0.288	0.040
0.506	0.241	0.164	0.089
>TTCAAAGGAA	11-TTCAAAGGAA	8.268850	-826.003911	0	T:1631.0(10.20%),B:1016.2(3.18%),P:1e-358	Tpos:99.5,Tstd:53.3,Bpos:98.1,Bstd:65.5,StrandBias:-0.0,Multiplicity:1.03
0.210	0.001	0.144	0.645
0.035	0.001	0.041	0.923
0.044	0.831	0.124	0.001
0.976	0.022	0.001	0.001
0.917	0.001	0.081	0.001
0.773	0.001	0.198	0.028
0.034	0.026	0.796	0.144
0.001	0.124	0.814	0.061
0.818	0.140	0.010	0.032
0.713	0.091	0.133	0.063
>AAACASCBSB	12-AAACASCBSB	5.656606	-809.543644	0	T:3792.0(23.72%),B:3904.0(12.21%),P:1e-351	Tpos:100.7,Tstd:55.0,Bpos:100.0,Bstd:64.5,StrandBias:0.0,Multiplicity:1.08
0.785	0.011	0.055	0.149
0.745	0.080	0.173	0.002
0.632	0.090	0.195	0.083
0.061	0.730	0.196	0.013
0.675	0.258	0.009	0.058
0.041	0.445	0.447	0.067
0.194	0.499	0.207	0.100
0.099	0.332	0.265	0.304
0.055	0.374	0.394	0.177
0.104	0.319	0.344	0.233
>TTAAAGCGGC	13-TTAAAGCGGC	4.714121	-658.744482	0	T:3056.0(19.12%),B:3093.3(9.67%),P:1e-286	Tpos:101.9,Tstd:52.9,Bpos:99.1,Bstd:68.9,StrandBias:-0.0,Multiplicity:1.08
0.146	0.108	0.119	0.627
0.131	0.134	0.144	0.591
0.590	0.136	0.122	0.152
0.654	0.138	0.110	0.098
0.611	0.108	0.132	0.149
0.140	0.126	0.603	0.131
0.146	0.555	0.159	0.140
0.153	0.133	0.556	0.158
0.114	0.158	0.599	0.129
0.124	0.611	0.131	0.134
>TAATGTGCCG	14-TAATGTGCCG	5.098968	-603.268810	0	T:3730.0(23.33%),B:4232.2(13.23%),P:1e-261	Tpos:100.4,Tstd:55.2,Bpos:99.7,Bstd:65.5,StrandBias:0.0,Multiplicity:1.08
0.123	0.119	0.122	0.636
0.727	0.095	0.091	0.087
0.763	0.077	0.096	0.064
0.132	0.071	0.080	0.717
0.082	0.119	0.680	0.119
0.110	0.068	0.095	0.727
0.057	0.081	0.778	0.084
0.096	0.700	0.121	0.083
0.136	0.637	0.085	0.142
0.143	0.134	0.632	0.091
>TAATGAGGTG	15-TAATGAGGTG	8.719012	-410.626555	0	T:527.0(3.30%),B:224.3(0.70%),P:1e-178	Tpos:101.8,Tstd:48.0,Bpos:101.8,Bstd:62.6,StrandBias:-0.2,Multiplicity:1.01
0.094	0.001	0.001	0.904
0.624	0.014	0.175	0.187
0.997	0.001	0.001	0.001
0.001	0.077	0.001	0.921
0.021	0.001	0.977	0.001
0.995	0.003	0.001	0.001
0.016	0.001	0.771	0.212
0.017	0.001	0.977	0.005
0.034	0.001	0.003	0.962
0.011	0.045	0.919	0.025
>SYGCTGACAG	16-SYGCTGACAG	7.437268	-372.038776	0	T:1539.0(9.63%),B:1448.2(4.53%),P:1e-161	Tpos:100.1,Tstd:50.9,Bpos:103.9,Bstd:63.1,StrandBias:0.1,Multiplicity:1.05
0.093	0.377	0.432	0.098
0.036	0.354	0.184	0.425
0.076	0.022	0.901	0.001
0.086	0.552	0.168	0.194
0.001	0.001	0.001	0.997
0.110	0.001	0.888	0.001
0.861	0.001	0.001	0.137
0.144	0.771	0.084	0.001
0.997	0.001	0.001	0.001
0.185	0.056	0.625	0.134
>ACCGGAARTK	17-ACCGGAARTK	7.417299	-359.841655	0	T:1285.0(8.04%),B:1126.7(3.52%),P:1e-156	Tpos:97.9,Tstd:53.0,Bpos:99.3,Bstd:63.0,StrandBias:-0.1,Multiplicity:1.07
0.496	0.169	0.228	0.107
0.001	0.714	0.221	0.064
0.301	0.697	0.001	0.001
0.001	0.019	0.979	0.001
0.016	0.009	0.974	0.001
0.849	0.063	0.084	0.004
0.933	0.008	0.032	0.027
0.505	0.022	0.472	0.001
0.090	0.219	0.066	0.625
0.112	0.176	0.404	0.308
>KTGAMAGRTB	18-KTGAMAGRTB	7.634998	-352.977061	0	T:1689.0(10.57%),B:1692.6(5.29%),P:1e-153	Tpos:100.1,Tstd:54.6,Bpos:98.4,Bstd:63.9,StrandBias:0.1,Multiplicity:1.05
0.126	0.169	0.284	0.420
0.001	0.001	0.001	0.997
0.001	0.136	0.841	0.022
0.980	0.001	0.001	0.018
0.530	0.436	0.003	0.031
0.902	0.001	0.096	0.001
0.093	0.090	0.517	0.300
0.420	0.223	0.356	0.001
0.147	0.016	0.001	0.836
0.008	0.276	0.400	0.315
>GGGGGAGGGG	19-GGGGGAGGGG	8.515069	-290.281882	0	T:1516.0(9.48%),B:1567.6(4.90%),P:1e-126	Tpos:99.5,Tstd:55.9,Bpos:100.9,Bstd:62.5,StrandBias:-0.0,Multiplicity:1.22
0.001	0.001	0.997	0.001
0.001	0.001	0.997	0.001
0.049	0.001	0.922	0.028
0.001	0.001	0.997	0.001
0.001	0.001	0.997	0.001
0.852	0.001	0.001	0.146
0.087	0.001	0.866	0.046
0.001	0.011	0.987	0.001
0.046	0.001	0.912	0.041
0.046	0.089	0.864	0.001
>YCCCAGGGGG	20-YCCCAGGGGG	5.706025	-287.568066	0	T:3231.0(20.21%),B:4284.2(13.39%),P:1e-124	Tpos:99.8,Tstd:54.8,Bpos:100.4,Bstd:65.1,StrandBias:-0.0,Multiplicity:1.13
0.117	0.433	0.141	0.309
0.097	0.468	0.240	0.195
0.178	0.480	0.255	0.087
0.044	0.669	0.242	0.045
0.612	0.013	0.017	0.358
0.089	0.151	0.758	0.002
0.303	0.119	0.547	0.031
0.153	0.252	0.557	0.038
0.360	0.038	0.595	0.007
0.247	0.198	0.489	0.066
>CCTGCTGTGA	21-CCTGCTGTGA	8.419070	-281.625378	0	T:1047.0(6.55%),B:932.4(2.92%),P:1e-122	Tpos:98.6,Tstd:51.3,Bpos:102.9,Bstd:60.6,StrandBias:-0.0,Multiplicity:1.05
0.001	0.997	0.001	0.001
0.130	0.868	0.001	0.001
0.001	0.049	0.001	0.949
0.090	0.040	0.869	0.001
0.047	0.951	0.001	0.001
0.001	0.036	0.001	0.962
0.001	0.001	0.997	0.001
0.097	0.001	0.370	0.532
0.043	0.001	0.802	0.154
0.598	0.229	0.147	0.026
>ACCACATGTG	22-ACCACATGTG	8.035219	-239.565646	0	T:739.0(4.62%),B:597.7(1.87%),P:1e-104	Tpos:98.8,Tstd:54.6,Bpos:100.6,Bstd:60.9,StrandBias:0.0,Multiplicity:1.02
0.621	0.067	0.187	0.125
0.288	0.576	0.023	0.113
0.252	0.730	0.001	0.017
0.872	0.011	0.108	0.009
0.016	0.961	0.022	0.001
0.901	0.078	0.020	0.001
0.001	0.064	0.149	0.786
0.039	0.001	0.946	0.014
0.001	0.136	0.026	0.837
0.024	0.081	0.788	0.107
>GWAACCAGAY	23-GWAACCAGAY	7.030200	-186.729885	0	T:502.0(3.14%),B:375.6(1.17%),P:1e-81	Tpos:100.0,Tstd:54.5,Bpos:96.4,Bstd:62.2,StrandBias:-0.3,Multiplicity:1.02
0.113	0.155	0.552	0.180
0.429	0.153	0.069	0.350
0.608	0.239	0.086	0.067
0.771	0.051	0.125	0.053
0.059	0.625	0.254	0.062
0.053	0.782	0.078	0.087
0.449	0.174	0.098	0.279
0.070	0.300	0.574	0.056
0.766	0.096	0.050	0.088
0.069	0.412	0.222	0.297
>TAATTGAAAC	24-TAATTGAAAC	9.444556	-176.081366	0	T:319.0(2.00%),B:183.1(0.57%),P:1e-76	Tpos:99.9,Tstd:54.0,Bpos:93.8,Bstd:57.8,StrandBias:0.3,Multiplicity:1.02
0.057	0.060	0.058	0.825
0.887	0.001	0.111	0.001
0.997	0.001	0.001	0.001
0.017	0.001	0.058	0.924
0.047	0.007	0.201	0.745
0.001	0.075	0.923	0.001
0.976	0.007	0.007	0.010
0.997	0.001	0.001	0.001
0.949	0.006	0.001	0.044
0.073	0.834	0.078	0.015
>TCATTTCCTG	25-TCATTTCCTG	11.971572	-132.182283	0	T:140.0(0.88%),B:49.4(0.15%),P:1e-57	Tpos:94.4,Tstd:50.6,Bpos:89.3,Bstd:64.7,StrandBias:0.1,Multiplicity:1.00
0.001	0.001	0.155	0.843
0.001	0.997	0.001	0.001
0.997	0.001	0.001	0.001
0.001	0.001	0.001	0.997
0.001	0.001	0.001	0.997
0.001	0.001	0.001	0.997
0.001	0.997	0.001	0.001
0.001	0.997	0.001	0.001
0.001	0.001	0.001	0.997
0.001	0.001	0.997	0.001
>CCTTTGAWSTTN	1-CCTTTGAWSTTN	7.119014	-4142.741723	0	T:5793.0(36.24%),B:3071.0(9.60%),P:1e-1799	Tpos:99.4,Tstd:43.7,Bpos:99.6,Bstd:62.9,StrandBias:-0.0,Multiplicity:1.17
0.084	0.429	0.236	0.251
0.019	0.836	0.039	0.106
0.008	0.011	0.001	0.980
0.001	0.029	0.029	0.941
0.001	0.001	0.001	0.997
0.046	0.160	0.739	0.055
0.872	0.021	0.006	0.101
0.410	0.016	0.018	0.556
0.076	0.446	0.404	0.074
0.190	0.163	0.039	0.608
0.163	0.233	0.211	0.393
0.216	0.241	0.222	0.322
>NNNVMCAGCTGK	2-NNNVMCAGCTGK	7.150686	-2020.819823	0	T:4864.0(30.43%),B:3722.3(11.64%),P:1e-877	Tpos:100.7,Tstd:51.8,Bpos:100.2,Bstd:61.6,StrandBias:-0.0,Multiplicity:1.20
0.265	0.216	0.327	0.193
0.312	0.223	0.234	0.230
0.313	0.211	0.228	0.248
0.371	0.270	0.238	0.120
0.416	0.391	0.192	0.001
0.001	0.997	0.001	0.001
0.997	0.001	0.001	0.001
0.001	0.043	0.598	0.358
0.325	0.611	0.063	0.001
0.016	0.001	0.001	0.982
0.001	0.001	0.997	0.001
0.002	0.195	0.426	0.377
>GTGATTTATGRC	3-GTGATTTATGRC	7.283647	-1765.380972	0	T:2989.0(18.70%),B:1714.3(5.36%),P:1e-766	Tpos:100.3,Tstd:50.5,Bpos:99.0,Bstd:69.4,StrandBias:-0.0,Multiplicity:1.11
0.229	0.178	0.438	0.155
0.179	0.011	0.095	0.715
0.089	0.042	0.793	0.076
0.778	0.039	0.025	0.158
0.049	0.004	0.020	0.927
0.043	0.007	0.017	0.933
0.117	0.023	0.056	0.804
0.963	0.016	0.016	0.005
0.039	0.068	0.018	0.875
0.185	0.020	0.521	0.274
0.351	0.058	0.477	0.114
0.182	0.474	0.220	0.123
>TAATTAGAACCA	4-TAATTAGAACCA	6.617774	-1652.947780	0	T:3652.0(22.85%),B:2572.8(8.04%),P:1e-717	Tpos:101.1,Tstd:52.7,Bpos:99.8,Bstd:68.7,StrandBias:0.0,Multiplicity:1.15
0.114	0.037	0.016	0.833
0.889	0.028	0.047	0.036
0.983	0.005	0.007	0.005
0.014	0.018	0.019	0.949
0.063	0.083	0.171	0.683
0.817	0.018	0.118	0.047
0.257	0.055	0.660	0.028
0.849	0.041	0.071	0.039
0.821	0.038	0.070	0.071
0.197	0.646	0.115	0.042
0.035	0.942	0.008	0.015
0.928	0.028	0.008	0.036
>TTAATGAGSTBW	5-TTAATGAGSTBW	6.932373	-1604.639310	0	T:4351.0(27.22%),B:3520.7(11.01%),P:1e-696	Tpos:100.2,Tstd:51.3,Bpos:99.1,Bstd:70.5,StrandBias:-0.0,Multiplicity:1.17
0.108	0.255	0.070	0.567
0.070	0.001	0.001	0.928
0.709	0.001	0.008	0.282
0.997	0.001	0.001	0.001
0.001	0.001	0.001	0.997
0.043	0.001	0.565	0.391
0.619	0.001	0.322	0.058
0.265	0.001	0.549	0.185
0.085	0.386	0.390	0.139
0.178	0.249	0.035	0.538
0.099	0.266	0.316	0.319
0.248	0.225	0.140	0.387
>RAGGCAATTAAH	6-RAGGCAATTAAH	6.118421	-1290.094757	0	T:5389.0(33.71%),B:5474.1(17.11%),P:1e-560	Tpos:101.1,Tstd:53.2,Bpos:98.3,Bstd:69.4,StrandBias:-0.0,Multiplicity:1.20
0.272	0.215	0.381	0.131
0.472	0.098	0.192	0.237
0.321	0.002	0.532	0.145
0.001	0.097	0.901	0.001
0.043	0.710	0.040	0.207
0.651	0.230	0.004	0.115
0.694	0.051	0.115	0.140
0.004	0.001	0.011	0.984
0.125	0.008	0.005	0.862
0.697	0.028	0.049	0.226
0.545	0.193	0.128	0.134
0.350	0.258	0.122	0.270
>TTAAAAGGCGCC	7-TTAAAAGGCGCC	4.394365	-1074.201156	0	T:5850.0(36.60%),B:6613.6(20.68%),P:1e-466	Tpos:99.7,Tstd:53.7,Bpos:100.3,Bstd:67.9,StrandBias:0.0,Multiplicity:1.16
0.075	0.023	0.028	0.874
0.072	0.051	0.062	0.815
0.774	0.114	0.040	0.072
0.863	0.045	0.058	0.034
0.898	0.023	0.034	0.045
0.909	0.023	0.045	0.023
0.101	0.011	0.882	0.006
0.028	0.076	0.856	0.040
0.094	0.752	0.089	0.065
0.135	0.092	0.661	0.112
0.023	0.878	0.062	0.037
0.049	0.846	0.011	0.094
>CTGTTTGAAGTG	8-CTGTTTGAAGTG	8.655068	-709.259982	0	T:925.0(5.79%),B:402.1(1.26%),P:1e-308	Tpos:101.5,Tstd:51.3,Bpos:104.6,Bstd:66.9,StrandBias:0.2,Multiplicity:1.01
0.047	0.647	0.150	0.156
0.051	0.248	0.035	0.666
0.135	0.092	0.707	0.066
0.006	0.062	0.001	0.931
0.001	0.069	0.045	0.885
0.005	0.001	0.001	0.993
0.060	0.082	0.827	0.031
0.983	0.001	0.015	0.001
0.775	0.006	0.019	0.200
0.174	0.094	0.731	0.001
0.113	0.029	0.089	0.769
0.126	0.168	0.538	0.168
>CTAATTAGCCAG	9-CTAATTAGCCAG	7.453242	-563.394114	0	T:1595.0(9.98%),B:1246.5(3.90%),P:1e-244	Tpos:101.6,Tstd:53.1,Bpos:101.0,Bstd:65.3,StrandBias:-0.1,Multiplicity:1.03
0.124	0.571	0.094	0.211
0.194	0.182	0.001	0.623
0.729	0.185	0.010	0.076
0.921	0.034	0.001	0.044
0.014	0.001	0.016	0.969
0.069	0.107	0.133	0.691
0.735	0.001	0.084	0.180
0.082	0.174	0.630	0.114
0.153	0.574	0.129	0.144
0.139	0.859	0.001	0.001
0.871	0.001	0.001	0.127
0.081	0.104	0.753	0.062
>ATTTACAGCCYG	10-ATTTACAGCCYG	5.292079	-528.880414	0	T:4838.0(30.27%),B:6242.9(19.52%),P:1e-229	Tpos:99.7,Tstd:55.2,Bpos:100.9,Bstd:64.5,StrandBias:-0.0,Multiplicity:1.14
0.415	0.179	0.201	0.204
0.196	0.246	0.135	0.423
0.060	0.102	0.071	0.767
0.088	0.103	0.118	0.691
0.686	0.118	0.097	0.099
0.055	0.825	0.084	0.036
0.677	0.135	0.123	0.065
0.044	0.088	0.841	0.027
0.061	0.790	0.101	0.048
0.083	0.652	0.212	0.053
0.162	0.383	0.186	0.269
0.153	0.183	0.471	0.192
>TGGAATTGATTA	11-TGGAATTGATTA	8.535114	-486.351784	0	T:824.0(5.15%),B:450.6(1.41%),P:1e-211	Tpos:99.8,Tstd:54.5,Bpos:101.8,Bstd:66.1,StrandBias:-0.2,Multiplicity:1.01
0.051	0.005	0.036	0.908
0.019	0.001	0.968	0.012
0.089	0.086	0.786	0.039
0.831	0.029	0.028	0.112
0.879	0.031	0.031	0.059
0.167	0.092	0.046	0.695
0.010	0.160	0.123	0.707
0.176	0.091	0.636	0.097
0.843	0.044	0.053	0.060
0.001	0.001	0.037	0.961
0.041	0.024	0.034	0.901
0.763	0.001	0.102	0.134
>AGGTGYTGACAG	12-AGGTGYTGACAG	8.224448	-411.136554	0	T:987.0(6.17%),B:692.1(2.16%),P:1e-178	Tpos:99.6,Tstd:48.5,Bpos:99.7,Bstd:62.2,StrandBias:-0.0,Multiplicity:1.03
0.512	0.087	0.198	0.203
0.320	0.069	0.498	0.113
0.050	0.242	0.613	0.095
0.097	0.037	0.068	0.798
0.014	0.044	0.899	0.043
0.204	0.332	0.107	0.358
0.046	0.004	0.026	0.924
0.083	0.057	0.792	0.068
0.919	0.015	0.047	0.019
0.237	0.666	0.062	0.035
0.929	0.001	0.005	0.065
0.154	0.028	0.684	0.134
>ATTTACGAGGTG	13-ATTTACGAGGTG	9.813565	-375.018739	0	T:266.0(1.66%),B:54.8(0.17%),P:1e-162	Tpos:93.4,Tstd:50.0,Bpos:86.6,Bstd:55.8,StrandBias:-0.4,Multiplicity:1.00
0.729	0.056	0.052	0.163
0.038	0.017	0.035	0.910
0.012	0.012	0.017	0.959
0.072	0.023	0.035	0.870
0.846	0.029	0.093	0.032
0.074	0.664	0.125	0.137
0.205	0.079	0.648	0.068
0.936	0.006	0.035	0.023
0.038	0.050	0.818	0.094
0.023	0.122	0.826	0.029
0.041	0.023	0.047	0.889
0.029	0.041	0.913	0.017
>GGGCTGATTGAT	14-GGGCTGATTGAT	9.368179	-327.157123	0	T:334.0(2.09%),B:111.3(0.35%),P:1e-142	Tpos:104.3,Tstd:49.4,Bpos:102.8,Bstd:64.2,StrandBias:-0.1,Multiplicity:1.00
0.179	0.001	0.679	0.141
0.225	0.012	0.576	0.187
0.046	0.031	0.898	0.025
0.127	0.735	0.037	0.101
0.102	0.001	0.001	0.896
0.171	0.006	0.805	0.018
0.727	0.006	0.001	0.266
0.001	0.006	0.068	0.925
0.030	0.001	0.006	0.963
0.154	0.071	0.672	0.103
0.960	0.015	0.001	0.024
0.239	0.006	0.071	0.684
>GTGGGGGAGGGG	15-GTGGGGGAGGGG	10.516730	-297.078884	0	T:1042.0(6.52%),B:902.8(2.82%),P:1e-129	Tpos:99.7,Tstd:55.2,Bpos:100.5,Bstd:61.2,StrandBias:0.0,Multiplicity:1.15
0.201	0.150	0.552	0.097
0.279	0.147	0.001	0.573
0.001	0.001	0.997	0.001
0.002	0.010	0.987	0.001
0.103	0.001	0.895	0.001
0.001	0.001	0.986	0.012
0.018	0.001	0.977	0.004
0.622	0.070	0.001	0.307
0.137	0.001	0.740	0.122
0.001	0.001	0.997	0.001
0.120	0.001	0.844	0.035
0.125	0.102	0.731	0.042
>TAACACGTCATT	16-TAACACGTCATT	7.546090	-259.659941	0	T:1005.0(6.29%),B:911.4(2.85%),P:1e-112	Tpos:99.4,Tstd:51.4,Bpos:95.6,Bstd:65.9,StrandBias:0.2,Multiplicity:1.02
0.134	0.106	0.068	0.692
0.741	0.098	0.084	0.077
0.839	0.051	0.071	0.039
0.095	0.784	0.051	0.070
0.886	0.049	0.005	0.060
0.158	0.584	0.103	0.155
0.174	0.204	0.402	0.220
0.058	0.047	0.063	0.832
0.080	0.796	0.056	0.068
0.835	0.071	0.005	0.089
0.068	0.071	0.038	0.823
0.071	0.084	0.063	0.782
>GCCAGGTGTTAA	17-GCCAGGTGTTAA	6.794548	-249.719939	0	T:532.0(3.33%),B:343.6(1.07%),P:1e-108	Tpos:101.4,Tstd:55.4,Bpos:98.5,Bstd:62.4,StrandBias:0.1,Multiplicity:1.01
0.193	0.162	0.461	0.184
0.146	0.532	0.182	0.140
0.166	0.675	0.074	0.085
0.702	0.075	0.028	0.195
0.140	0.052	0.625	0.183
0.139	0.146	0.577	0.138
0.184	0.029	0.165	0.622
0.097	0.126	0.617	0.160
0.138	0.146	0.129	0.587
0.138	0.178	0.177	0.507
0.523	0.160	0.136	0.181
0.472	0.166	0.190	0.172
>GAGCGCTAATTG	18-GAGCGCTAATTG	8.202204	-237.040525	0	T:356.0(2.23%),B:175.8(0.55%),P:1e-102	Tpos:104.3,Tstd:53.3,Bpos:91.5,Bstd:62.0,StrandBias:-0.1,Multiplicity:1.01
0.071	0.044	0.842	0.043
0.852	0.050	0.028	0.070
0.042	0.036	0.837	0.085
0.143	0.644	0.122	0.091
0.133	0.142	0.631	0.094
0.071	0.800	0.050	0.079
0.018	0.056	0.001	0.925
0.863	0.014	0.081	0.042
0.943	0.001	0.014	0.042
0.070	0.028	0.065	0.837
0.014	0.014	0.001	0.971
0.085	0.028	0.831	0.056
>CKCCCWGCAGGG	19-CKCCCWGCAGGG	8.150699	-206.551318	0	T:1078.0(6.74%),B:1108.5(3.47%),P:1e-89	Tpos:99.5,Tstd:52.6,Bpos:99.2,Bstd:62.7,StrandBias:0.0,Multiplicity:1.05
0.183	0.399	0.228	0.190
0.157	0.201	0.248	0.394
0.007	0.716	0.230	0.047
0.172	0.592	0.006	0.230
0.018	0.978	0.003	0.001
0.468	0.042	0.027	0.463
0.011	0.184	0.792	0.013
0.063	0.755	0.181	0.001
0.732	0.032	0.047	0.189
0.022	0.001	0.933	0.044
0.168	0.082	0.699	0.051
0.172	0.271	0.441	0.116
>CCACATGTGKHN	20-CCACATGTGKHN	7.132714	-144.548991	0	T:297.0(1.86%),B:187.6(0.59%),P:1e-62	Tpos:98.4,Tstd:53.6,Bpos:102.2,Bstd:58.4,StrandBias:0.2,Multiplicity:1.01
0.216	0.380	0.201	0.203
0.259	0.542	0.062	0.137
0.582	0.143	0.083	0.192
0.229	0.709	0.035	0.027
0.720	0.216	0.013	0.051
0.099	0.020	0.211	0.670
0.050	0.104	0.620	0.226
0.188	0.042	0.198	0.572
0.115	0.001	0.587	0.297
0.164	0.213	0.381	0.241
0.241	0.233	0.151	0.375
0.323	0.222	0.207	0.249
>TGACCTTTGACC	21-TGACCTTTGACC	9.841491	-137.908754	0	T:261.0(1.63%),B:155.5(0.49%),P:1e-59	Tpos:99.8,Tstd:52.1,Bpos:109.5,Bstd:60.3,StrandBias:0.0,Multiplicity:1.02
0.074	0.021	0.076	0.829
0.071	0.049	0.782	0.098
0.748	0.142	0.085	0.025
0.092	0.792	0.028	0.088
0.028	0.964	0.001	0.007
0.001	0.173	0.001	0.825
0.014	0.336	0.046	0.604
0.001	0.001	0.020	0.978
0.067	0.084	0.842	0.007
0.621	0.235	0.116	0.028
0.072	0.770	0.130	0.028
0.041	0.824	0.001	0.134
>CAGGCGCTTAAT	22-CAGGCGCTTAAT	8.463612	-106.810195	0	T:293.0(1.83%),B:222.6(0.70%),P:1e-46	Tpos:102.4,Tstd:55.9,Bpos:95.8,Bstd:63.8,StrandBias:0.0,Multiplicity:1.00
0.100	0.700	0.100	0.100
0.700	0.100	0.100	0.100
0.100	0.100	0.700	0.100
0.100	0.100	0.700	0.100
0.100	0.700	0.100	0.100
0.100	0.100	0.700	0.100
0.100	0.700	0.100	0.100
0.100	0.100	0.100	0.700
0.100	0.100	0.100	0.700
0.700	0.100	0.100	0.100
0.700	0.100	0.100	0.100
0.100	0.100	0.100	0.700
>GTTGCCATGGCA	23-GTTGCCATGGCA	9.336868	-86.437462	0	T:261.0(1.63%),B:209.9(0.66%),P:1e-37	Tpos:96.6,Tstd:54.9,Bpos:105.2,Bstd:66.0,StrandBias:-0.0,Multiplicity:1.00
0.142	0.022	0.829	0.007
0.026	0.029	0.001	0.944
0.001	0.227	0.059	0.713
0.168	0.122	0.509	0.201
0.049	0.862	0.029	0.060
0.007	0.903	0.001	0.089
0.875	0.110	0.014	0.001
0.037	0.048	0.044	0.871
0.094	0.001	0.904	0.001
0.059	0.034	0.885	0.022
0.211	0.520	0.104	0.165
0.733	0.001	0.175	0.091
>GCTTTAATCACC	24-GCTTTAATCACC	10.214365	-84.047554	0	T:48.0(0.30%),B:7.3(0.02%),P:1e-36	Tpos:82.5,Tstd:47.7,Bpos:62.2,Bstd:9.6,StrandBias:0.8,Multiplicity:1.00
0.114	0.090	0.728	0.068
0.058	0.829	0.057	0.056
0.048	0.079	0.023	0.850
0.023	0.056	0.045	0.876
0.086	0.045	0.079	0.790
0.861	0.047	0.068	0.024
0.830	0.034	0.102	0.034
0.045	0.045	0.069	0.841
0.068	0.876	0.045	0.011
0.909	0.056	0.001	0.034
0.092	0.774	0.068	0.066
0.017	0.836	0.068	0.079
>GARAACTGAMAA	25-GARAACTGAMAA	15.162628	-33.075169	0	T:19.0(0.12%),B:3.5(0.01%),P:1e-14	Tpos:118.9,Tstd:39.7,Bpos:121.5,Bstd:28.4,StrandBias:-2.9,Multiplicity:1.44
0.001	0.001	0.997	0.001
0.997	0.001	0.001	0.001
0.509	0.001	0.489	0.001
0.997	0.001	0.001	0.001
0.991	0.007	0.001	0.001
0.001	0.997	0.001	0.001
0.001	0.001	0.001	0.997
0.001	0.001	0.997	0.001
0.997	0.001	0.001	0.001
0.509	0.489	0.001	0.001
0.991	0.001	0.001	0.007
0.997	0.001	0.001	0.001
>CCTTTGAT	1-CCTTTGAT	6.042588	-3246.789980	0	T:6304.0(39.44%),B:4377.5(13.69%),P:1e-1410	Tpos:99.5,Tstd:45.5,Bpos:99.9,Bstd:66.4,StrandBias:0.0,Multiplicity:1.22
0.033	0.690	0.179	0.098
0.001	0.960	0.015	0.024
0.001	0.001	0.001	0.997
0.001	0.007	0.001	0.991
0.001	0.001	0.001	0.997
0.001	0.072	0.910	0.017
0.975	0.001	0.001	0.023
0.232	0.010	0.001	0.757
>TAATTAGC	2-TAATTAGC	4.767908	-2342.545604	0	T:7130.0(44.60%),B:6565.8(20.53%),P:1e-1017	Tpos:100.9,Tstd:52.0,Bpos:99.6,Bstd:69.8,StrandBias:-0.0,Multiplicity:1.40
0.001	0.123	0.009	0.867
0.881	0.079	0.001	0.039
0.997	0.001	0.001	0.001
0.001	0.001	0.001	0.997
0.013	0.001	0.145	0.841
0.888	0.001	0.097	0.014
0.045	0.091	0.830	0.034
0.085	0.789	0.071	0.055
>ACAKCTGG	3-ACAKCTGG	6.577334	-1974.480612	0	T:5107.0(31.95%),B:4099.1(12.82%),P:1e-857	Tpos:100.3,Tstd:52.3,Bpos:98.6,Bstd:63.1,StrandBias:-0.0,Multiplicity:1.22
0.608	0.201	0.188	0.003
0.005	0.930	0.060	0.005
0.854	0.036	0.028	0.082
0.007	0.045	0.424	0.524
0.115	0.727	0.152	0.006
0.083	0.107	0.029	0.781
0.001	0.022	0.945	0.032
0.001	0.195	0.631	0.173
>GCCATAAA	4-GCCATAAA	6.422396	-1797.591185	0	T:5030.0(31.47%),B:4207.8(13.16%),P:1e-780	Tpos:100.0,Tstd:51.8,Bpos:98.8,Bstd:68.7,StrandBias:0.1,Multiplicity:1.22
0.091	0.191	0.631	0.087
0.015	0.715	0.002	0.268
0.225	0.552	0.029	0.194
0.718	0.017	0.250	0.015
0.009	0.002	0.031	0.958
0.683	0.027	0.016	0.274
0.896	0.033	0.003	0.068
0.850	0.038	0.053	0.059
>CCGTTTGA	5-CCGTTTGA	5.160791	-1707.450278	0	T:7152.0(44.74%),B:7566.8(23.66%),P:1e-741	Tpos:102.5,Tstd:54.0,Bpos:101.1,Bstd:65.3,StrandBias:-0.1,Multiplicity:1.15
0.068	0.589	0.239	0.104
0.029	0.613	0.205	0.153
0.093	0.210	0.629	0.068
0.159	0.037	0.086	0.718
0.001	0.024	0.056	0.919
0.013	0.008	0.001	0.978
0.033	0.124	0.767	0.076
0.764	0.134	0.019	0.083
>CAKATGTY	6-CAKATGTY	5.874592	-1322.409557	0	T:5002.0(31.29%),B:4834.1(15.11%),P:1e-574	Tpos:99.2,Tstd:54.5,Bpos:100.6,Bstd:62.8,StrandBias:0.0,Multiplicity:1.08
0.061	0.937	0.001	0.001
0.880	0.033	0.072	0.015
0.079	0.105	0.481	0.335
0.456	0.241	0.251	0.052
0.099	0.183	0.010	0.708
0.024	0.089	0.727	0.160
0.141	0.155	0.265	0.439
0.090	0.492	0.058	0.361
>GTGATTTA	7-GTGATTTA	5.803620	-1228.956592	0	T:4701.0(29.41%),B:4536.5(14.18%),P:1e-533	Tpos:99.9,Tstd:54.8,Bpos:99.7,Bstd:69.1,StrandBias:0.1,Multiplicity:1.11
0.062	0.126	0.713	0.099
0.041	0.208	0.048	0.703
0.204	0.122	0.641	0.033
0.795	0.039	0.065	0.101
0.066	0.009	0.017	0.908
0.040	0.033	0.037	0.890
0.169	0.023	0.165	0.643
0.708	0.123	0.145	0.024
>CGCGTTAA	8-CGCGTTAA	4.468061	-1052.572509	0	T:7807.0(48.84%),B:10047.2(31.41%),P:1e-457	Tpos:99.0,Tstd:54.6,Bpos:100.5,Bstd:69.7,StrandBias:-0.1,Multiplicity:1.28
0.086	0.729	0.139	0.046
0.041	0.166	0.490	0.304
0.127	0.452	0.163	0.259
0.261	0.030	0.548	0.161
0.091	0.074	0.026	0.809
0.131	0.033	0.013	0.823
0.859	0.039	0.050	0.052
0.797	0.053	0.071	0.079
>CATAAATC	9-CATAAATC	7.053745	-896.938800	0	T:1303.0(8.15%),B:631.0(1.97%),P:1e-389	Tpos:97.2,Tstd:52.8,Bpos:98.2,Bstd:65.3,StrandBias:0.1,Multiplicity:1.02
0.001	0.867	0.001	0.131
0.838	0.001	0.160	0.001
0.001	0.001	0.001	0.997
0.842	0.156	0.001	0.001
0.997	0.001	0.001	0.001
0.845	0.153	0.001	0.001
0.001	0.001	0.001	0.997
0.001	0.997	0.001	0.001
>ATAAATCA	10-ATAAATCA	9.059407	-868.800834	0	T:1075.0(6.73%),B:445.6(1.39%),P:1e-377	Tpos:105.6,Tstd:49.9,Bpos:96.6,Bstd:65.8,StrandBias:0.1,Multiplicity:1.04
0.864	0.001	0.134	0.001
0.001	0.001	0.001	0.997
0.997	0.001	0.001	0.001
0.997	0.001	0.001	0.001
0.997	0.001	0.001	0.001
0.001	0.001	0.001	0.997
0.001	0.997	0.001	0.001
0.997	0.001	0.001	0.001
>TAAYWGCC	11-TAAYWGCC	5.739892	-812.471744	0	T:4834.0(30.24%),B:5520.9(17.26%),P:1e-352	Tpos:98.2,Tstd:55.6,Bpos:99.1,Bstd:66.6,StrandBias:-0.0,Multiplicity:1.10
0.332	0.020	0.045	0.603
0.790	0.046	0.162	0.002
0.997	0.001	0.001	0.001
0.001	0.530	0.001	0.468
0.389	0.157	0.129	0.325
0.166	0.021	0.793	0.020
0.077	0.863	0.002	0.058
0.001	0.610	0.096	0.293
>ACTTCAAA	12-ACTTCAAA	9.530828	-785.728875	0	T:1070.0(6.69%),B:486.7(1.52%),P:1e-341	Tpos:99.9,Tstd:49.2,Bpos:102.7,Bstd:63.6,StrandBias:0.1,Multiplicity:1.02
0.997	0.001	0.001	0.001
0.001	0.997	0.001	0.001
0.001	0.001	0.001	0.997
0.220	0.001	0.001	0.778
0.001	0.997	0.001	0.001
0.973	0.001	0.025	0.001
0.997	0.001	0.001	0.001
0.997	0.001	0.001	0.001
>GCCGTAAT	13-GCCGTAAT	4.787859	-731.271801	0	T:5425.0(33.94%),B:6687.4(20.91%),P:1e-317	Tpos:98.6,Tstd:54.9,Bpos:98.8,Bstd:67.4,StrandBias:0.1,Multiplicity:1.11
0.056	0.032	0.833	0.079
0.098	0.625	0.110	0.167
0.165	0.497	0.174	0.164
0.112	0.163	0.701	0.024
0.062	0.030	0.082	0.826
0.865	0.038	0.010	0.087
0.809	0.018	0.050	0.123
0.022	0.095	0.036	0.847
>CCGTTAAA	14-CCGTTAAA	4.621767	-683.952317	0	T:6415.0(40.13%),B:8532.8(26.68%),P:1e-297	Tpos:98.9,Tstd:56.2,Bpos:99.5,Bstd:68.4,StrandBias:-0.0,Multiplicity:1.12
0.012	0.896	0.048	0.044
0.047	0.764	0.103	0.086
0.211	0.034	0.689	0.066
0.080	0.156	0.054	0.710
0.091	0.132	0.124	0.653
0.798	0.042	0.090	0.070
0.782	0.087	0.078	0.053
0.710	0.101	0.073	0.116
>CGBKKHAA	15-CGBKKHAA	4.071675	-678.361434	0	T:10198.0(63.80%),B:15788.3(49.36%),P:1e-294	Tpos:100.8,Tstd:56.8,Bpos:100.0,Bstd:68.8,StrandBias:0.0,Multiplicity:1.32
0.001	0.607	0.391	0.001
0.012	0.033	0.845	0.110
0.001	0.343	0.314	0.342
0.001	0.001	0.510	0.488
0.001	0.181	0.415	0.402
0.216	0.306	0.156	0.323
0.458	0.187	0.173	0.181
0.696	0.198	0.105	0.001
>CTKTCADC	16-CTKTCADC	7.306957	-642.599996	0	T:2571.0(16.08%),B:2426.3(7.59%),P:1e-279	Tpos:100.7,Tstd:50.8,Bpos:99.3,Bstd:65.0,StrandBias:-0.1,Multiplicity:1.05
0.046	0.928	0.025	0.001
0.091	0.001	0.001	0.907
0.001	0.001	0.492	0.506
0.001	0.001	0.001	0.997
0.001	0.955	0.043	0.001
0.997	0.001	0.001	0.001
0.379	0.036	0.255	0.329
0.001	0.693	0.171	0.135
>CGCKTAAT	17-CGCKTAAT	4.631573	-599.670917	0	T:3072.0(19.22%),B:3230.3(10.10%),P:1e-260	Tpos:99.5,Tstd:55.8,Bpos:100.3,Bstd:69.7,StrandBias:-0.0,Multiplicity:1.07
0.073	0.774	0.080	0.073
0.110	0.088	0.756	0.046
0.126	0.591	0.167	0.116
0.176	0.169	0.393	0.262
0.250	0.092	0.126	0.532
0.527	0.053	0.102	0.318
0.734	0.004	0.004	0.258
0.020	0.052	0.017	0.911
>TGCAGCTG	18-TGCAGCTG	7.338450	-478.327554	0	T:2086.0(13.05%),B:2025.3(6.33%),P:1e-207	Tpos:97.7,Tstd:54.5,Bpos:102.6,Bstd:71.3,StrandBias:0.0,Multiplicity:1.02
0.239	0.001	0.180	0.580
0.001	0.100	0.898	0.001
0.001	0.997	0.001	0.001
0.997	0.001	0.001	0.001
0.001	0.001	0.997	0.001
0.001	0.997	0.001	0.001
0.001	0.001	0.001	0.997
0.001	0.001	0.997	0.001
>AAAGCGGC	19-AAAGCGGC	6.054347	-417.123542	0	T:2395.0(14.98%),B:2595.5(8.11%),P:1e-181	Tpos:100.0,Tstd:55.6,Bpos:98.7,Bstd:69.7,StrandBias:-0.3,Multiplicity:1.04
0.786	0.022	0.001	0.191
0.997	0.001	0.001	0.001
0.689	0.001	0.001	0.309
0.100	0.205	0.694	0.001
0.001	0.780	0.001	0.218
0.097	0.289	0.613	0.001
0.001	0.355	0.643	0.001
0.191	0.548	0.152	0.109
>CCGGAAAT	20-CCGGAAAT	6.065053	-353.982881	0	T:2464.0(15.41%),B:2847.2(8.90%),P:1e-153	Tpos:98.6,Tstd:54.8,Bpos:101.5,Bstd:65.3,StrandBias:-0.0,Multiplicity:1.11
0.093	0.641	0.247	0.019
0.211	0.641	0.147	0.001
0.001	0.050	0.851	0.098
0.001	0.001	0.873	0.125
0.600	0.062	0.037	0.301
0.973	0.001	0.001	0.025
0.591	0.013	0.237	0.159
0.119	0.272	0.082	0.527
>CCAGGGGG	21-CCAGGGGG	5.866106	-324.799789	0	T:4201.0(26.28%),B:5810.5(18.17%),P:1e-141	Tpos:101.0,Tstd:55.6,Bpos:100.2,Bstd:64.1,StrandBias:0.0,Multiplicity:1.17
0.107	0.858	0.019	0.016
0.027	0.908	0.020	0.045
0.884	0.001	0.001	0.114
0.001	0.001	0.997	0.001
0.187	0.025	0.787	0.001
0.056	0.093	0.792	0.059
0.090	0.001	0.908	0.001
0.034	0.001	0.915	0.050
>CACATTCC	22-CACATTCC	8.023165	-202.667489	0	T:1029.0(6.44%),B:1046.2(3.27%),P:1e-88	Tpos:101.6,Tstd:56.1,Bpos:99.3,Bstd:65.3,StrandBias:0.1,Multiplicity:1.03
0.114	0.770	0.115	0.001
0.916	0.001	0.082	0.001
0.001	0.997	0.001	0.001
0.997	0.001	0.001	0.001
0.001	0.001	0.001	0.997
0.001	0.001	0.001	0.997
0.067	0.752	0.001	0.180
0.001	0.997	0.001	0.001
>CCTGCTGT	23-CCTGCTGT	10.148019	-200.469113	0	T:922.0(5.77%),B:901.0(2.82%),P:1e-87	Tpos:99.3,Tstd:51.5,Bpos:101.9,Bstd:62.0,StrandBias:-0.2,Multiplicity:1.04
0.001	0.997	0.001	0.001
0.001	0.997	0.001	0.001
0.001	0.001	0.001	0.997
0.001	0.001	0.997	0.001
0.001	0.997	0.001	0.001
0.001	0.001	0.001	0.997
0.001	0.001	0.997	0.001
0.001	0.001	0.398	0.600
>GGGGGGGG	24-GGGGGGGG	7.265092	-149.612996	0	T:2676.0(16.74%),B:3874.5(12.11%),P:1e-64	Tpos:100.5,Tstd:57.5,Bpos:99.6,Bstd:63.7,StrandBias:0.0,Multiplicity:1.35
0.001	0.001	0.997	0.001
0.089	0.001	0.909	0.001
0.178	0.023	0.677	0.122
0.124	0.012	0.756	0.108
0.210	0.001	0.765	0.024
0.123	0.046	0.802	0.029
0.131	0.008	0.850	0.011
0.055	0.012	0.921	0.012
>GAAATCGC	25-GAAATCGC	9.568739	-25.988880	0	T:77.0(0.48%),B:64.0(0.20%),P:1e-11	Tpos:99.5,Tstd:54.4,Bpos:110.5,Bstd:60.1,StrandBias:0.3,Multiplicity:1.00
0.223	0.001	0.775	0.001
0.997	0.001	0.001	0.001
0.997	0.001	0.001	0.001
0.997	0.001	0.001	0.001
0.001	0.001	0.001	0.997
0.001	0.997	0.001	0.001
0.001	0.001	0.997	0.001
0.001	0.997	0.001	0.001
