>ACWTCAAAGG	1-ACWTCAAAGG	7.282478	-4176.138324	0	T:4566.0(28.56%),B:1831.9(5.73%),P:1e-1813	Tpos:99.5,Tstd:42.5,Bpos:100.9,Bstd:63.6,StrandBias:-0.0,Multiplicity:1.13
0.730	0.064	0.123	0.083
0.017	0.578	0.344	0.061
0.571	0.003	0.005	0.421
0.032	0.002	0.002	0.964
0.045	0.877	0.044	0.034
0.972	0.007	0.006	0.015
0.970	0.010	0.012	0.008
0.974	0.006	0.002	0.018
0.079	0.069	0.843	0.009
0.154	0.150	0.671	0.025
>CCTTTGATCT	2-CCTTTGATCT	7.316989	-3667.829336	0	T:4551.0(28.47%),B:2078.0(6.50%),P:1e-1592	Tpos:99.5,Tstd:48.0,Bpos:99.6,Bstd:63.0,StrandBias:-0.1,Multiplicity:1.04
0.101	0.433	0.249	0.217
0.074	0.709	0.135	0.082
0.041	0.144	0.001	0.814
0.001	0.001	0.006	0.992
0.001	0.001	0.001	0.997
0.104	0.244	0.626	0.026
0.807	0.001	0.001	0.191
0.227	0.063	0.070	0.640
0.038	0.581	0.259	0.122
0.199	0.178	0.133	0.490
>BTAATTAVCN	3-BTAATTAVCN	5.392800	-2339.644974	0	T:6860.0(42.92%),B:6157.4(19.25%),P:1e-1016	Tpos:100.6,Tstd:51.3,Bpos:100.2,Bstd:69.3,StrandBias:-0.0,Multiplicity:1.38
0.095	0.355	0.247	0.302
0.024	0.176	0.009	0.791
0.684	0.186	0.039	0.091
0.963	0.007	0.015	0.015
0.012	0.016	0.004	0.968
0.067	0.034	0.173	0.726
0.734	0.005	0.214	0.047
0.300	0.247	0.346	0.107
0.206	0.395	0.207	0.192
0.206	0.307	0.218	0.270
>RGSYNATTAA	4-RGSYNATTAA	5.655190	-2123.231569	0	T:7193.0(45.00%),B:6973.7(21.80%),P:1e-922	Tpos:101.4,Tstd:54.3,Bpos:100.3,Bstd:67.5,StrandBias:-0.0,Multiplicity:1.17
0.410	0.001	0.431	0.158
0.381	0.001	0.573	0.045
0.133	0.368	0.470	0.029
0.030	0.480	0.001	0.489
0.303	0.296	0.158	0.243
0.539	0.129	0.251	0.081
0.001	0.001	0.001	0.997
0.388	0.001	0.001	0.610
0.755	0.001	0.001	0.243
0.495	0.216	0.180	0.109
>NAMCAKMTGK	5-NAMCAKMTGK	6.709082	-2020.239763	0	T:4761.0(29.78%),B:3588.9(11.22%),P:1e-877	Tpos:100.4,Tstd:52.7,Bpos:100.1,Bstd:60.9,StrandBias:0.0,Multiplicity:1.19
0.314	0.186	0.243	0.258
0.463	0.180	0.162	0.195
0.473	0.411	0.115	0.001
0.001	0.997	0.001	0.001
0.997	0.001	0.001	0.001
0.001	0.008	0.480	0.511
0.454	0.544	0.001	0.001
0.001	0.001	0.001	0.997
0.001	0.001	0.997	0.001
0.001	0.108	0.492	0.399
>NSCCTTTAAW	6-NSCCTTTAAW	6.099907	-1853.962829	0	T:7587.0(47.46%),B:8038.0(25.13%),P:1e-805	Tpos:99.6,Tstd:52.1,Bpos:100.2,Bstd:68.4,StrandBias:-0.0,Multiplicity:1.23
0.246	0.216	0.296	0.242
0.006	0.479	0.514	0.001
0.140	0.492	0.318	0.050
0.051	0.635	0.001	0.313
0.095	0.012	0.001	0.892
0.011	0.001	0.296	0.692
0.001	0.001	0.072	0.926
0.400	0.180	0.199	0.222
0.997	0.001	0.001	0.001
0.534	0.042	0.004	0.420
>CCATAAATCA	7-CCATAAATCA	6.198196	-1781.988490	0	T:4806.0(30.07%),B:3919.5(12.25%),P:1e-773	Tpos:100.1,Tstd:51.7,Bpos:98.2,Bstd:67.7,StrandBias:0.1,Multiplicity:1.20
0.064	0.505	0.177	0.254
0.279	0.449	0.077	0.195
0.638	0.059	0.203	0.100
0.006	0.063	0.031	0.900
0.612	0.113	0.009	0.266
0.847	0.099	0.001	0.053
0.849	0.051	0.013	0.087
0.199	0.091	0.049	0.661
0.099	0.608	0.084	0.209
0.558	0.178	0.101	0.163
>AATTACCGCC	8-AATTACCGCC	4.640793	-1343.049630	0	T:4809.0(30.08%),B:4517.3(14.12%),P:1e-583	Tpos:100.5,Tstd:54.2,Bpos:101.1,Bstd:68.1,StrandBias:-0.0,Multiplicity:1.11
0.633	0.133	0.116	0.118
0.615	0.110	0.118	0.157
0.124	0.104	0.107	0.665
0.129	0.139	0.120	0.612
0.566	0.145	0.159	0.130
0.167	0.572	0.147	0.114
0.157	0.555	0.120	0.168
0.147	0.161	0.536	0.156
0.104	0.618	0.158	0.120
0.119	0.629	0.110	0.142
>GCGATTAATT	9-GCGATTAATT	4.922894	-1159.548528	0	T:5972.0(37.36%),B:6640.8(20.76%),P:1e-503	Tpos:98.2,Tstd:55.5,Bpos:98.8,Bstd:72.1,StrandBias:-0.1,Multiplicity:1.11
0.098	0.088	0.741	0.073
0.116	0.587	0.129	0.168
0.167	0.101	0.601	0.131
0.701	0.116	0.092	0.091
0.062	0.089	0.085	0.764
0.093	0.110	0.092	0.705
0.676	0.098	0.124	0.102
0.768	0.069	0.081	0.082
0.087	0.097	0.083	0.733
0.091	0.104	0.078	0.727
>CCAGCTGYVA	10-CCAGCTGYVA	6.618301	-1031.805206	0	T:4659.0(29.15%),B:4808.4(15.03%),P:1e-448	Tpos:101.3,Tstd:54.1,Bpos:99.3,Bstd:66.9,StrandBias:0.0,Multiplicity:1.09
0.176	0.455	0.301	0.069
0.086	0.812	0.101	0.001
0.993	0.001	0.005	0.001
0.001	0.041	0.957	0.001
0.295	0.582	0.106	0.017
0.001	0.157	0.001	0.841
0.001	0.001	0.997	0.001
0.179	0.357	0.195	0.270
0.297	0.375	0.288	0.040
0.506	0.241	0.164	0.089
>TTCAAAGGAA	11-TTCAAAGGAA	8.268850	-826.003911	0	T:1631.0(10.20%),B:1016.2(3.18%),P:1e-358	Tpos:99.5,Tstd:53.3,Bpos:98.1,Bstd:65.5,StrandBias:-0.0,Multiplicity:1.03
0.210	0.001	0.144	0.645
0.035	0.001	0.041	0.923
0.044	0.831	0.124	0.001
0.976	0.022	0.001	0.001
0.917	0.001	0.081	0.001
0.773	0.001	0.198	0.028
0.034	0.026	0.796	0.144
0.001	0.124	0.814	0.061
0.818	0.140	0.010	0.032
0.713	0.091	0.133	0.063
>AAACASCBSB	12-AAACASCBSB	5.656606	-809.543644	0	T:3792.0(23.72%),B:3904.0(12.21%),P:1e-351	Tpos:100.7,Tstd:55.0,Bpos:100.0,Bstd:64.5,StrandBias:0.0,Multiplicity:1.08
0.785	0.011	0.055	0.149
0.745	0.080	0.173	0.002
0.632	0.090	0.195	0.083
0.061	0.730	0.196	0.013
0.675	0.258	0.009	0.058
0.041	0.445	0.447	0.067
0.194	0.499	0.207	0.100
0.099	0.332	0.265	0.304
0.055	0.374	0.394	0.177
0.104	0.319	0.344	0.233
>TTAAAGCGGC	13-TTAAAGCGGC	4.714121	-658.744482	0	T:3056.0(19.12%),B:3093.3(9.67%),P:1e-286	Tpos:101.9,Tstd:52.9,Bpos:99.1,Bstd:68.9,StrandBias:-0.0,Multiplicity:1.08
0.146	0.108	0.119	0.627
0.131	0.134	0.144	0.591
0.590	0.136	0.122	0.152
0.654	0.138	0.110	0.098
0.611	0.108	0.132	0.149
0.140	0.126	0.603	0.131
0.146	0.555	0.159	0.140
0.153	0.133	0.556	0.158
0.114	0.158	0.599	0.129
0.124	0.611	0.131	0.134
>TAATGTGCCG	14-TAATGTGCCG	5.098968	-603.268810	0	T:3730.0(23.33%),B:4232.2(13.23%),P:1e-261	Tpos:100.4,Tstd:55.2,Bpos:99.7,Bstd:65.5,StrandBias:0.0,Multiplicity:1.08
0.123	0.119	0.122	0.636
0.727	0.095	0.091	0.087
0.763	0.077	0.096	0.064
0.132	0.071	0.080	0.717
0.082	0.119	0.680	0.119
0.110	0.068	0.095	0.727
0.057	0.081	0.778	0.084
0.096	0.700	0.121	0.083
0.136	0.637	0.085	0.142
0.143	0.134	0.632	0.091
>TAATGAGGTG	15-TAATGAGGTG	8.719012	-410.626555	0	T:527.0(3.30%),B:224.3(0.70%),P:1e-178	Tpos:101.8,Tstd:48.0,Bpos:101.8,Bstd:62.6,StrandBias:-0.2,Multiplicity:1.01
0.094	0.001	0.001	0.904
0.624	0.014	0.175	0.187
0.997	0.001	0.001	0.001
0.001	0.077	0.001	0.921
0.021	0.001	0.977	0.001
0.995	0.003	0.001	0.001
0.016	0.001	0.771	0.212
0.017	0.001	0.977	0.005
0.034	0.001	0.003	0.962
0.011	0.045	0.919	0.025
>SYGCTGACAG	16-SYGCTGACAG	7.437268	-372.038776	0	T:1539.0(9.63%),B:1448.2(4.53%),P:1e-161	Tpos:100.1,Tstd:50.9,Bpos:103.9,Bstd:63.1,StrandBias:0.1,Multiplicity:1.05
0.093	0.377	0.432	0.098
0.036	0.354	0.184	0.425
0.076	0.022	0.901	0.001
0.086	0.552	0.168	0.194
0.001	0.001	0.001	0.997
0.110	0.001	0.888	0.001
0.861	0.001	0.001	0.137
0.144	0.771	0.084	0.001
0.997	0.001	0.001	0.001
0.185	0.056	0.625	0.134
>ACCGGAARTK	17-ACCGGAARTK	7.417299	-359.841655	0	T:1285.0(8.04%),B:1126.7(3.52%),P:1e-156	Tpos:97.9,Tstd:53.0,Bpos:99.3,Bstd:63.0,StrandBias:-0.1,Multiplicity:1.07
0.496	0.169	0.228	0.107
0.001	0.714	0.221	0.064
0.301	0.697	0.001	0.001
0.001	0.019	0.979	0.001
0.016	0.009	0.974	0.001
0.849	0.063	0.084	0.004
0.933	0.008	0.032	0.027
0.505	0.022	0.472	0.001
0.090	0.219	0.066	0.625
0.112	0.176	0.404	0.308
>KTGAMAGRTB	18-KTGAMAGRTB	7.634998	-352.977061	0	T:1689.0(10.57%),B:1692.6(5.29%),P:1e-153	Tpos:100.1,Tstd:54.6,Bpos:98.4,Bstd:63.9,StrandBias:0.1,Multiplicity:1.05
0.126	0.169	0.284	0.420
0.001	0.001	0.001	0.997
0.001	0.136	0.841	0.022
0.980	0.001	0.001	0.018
0.530	0.436	0.003	0.031
0.902	0.001	0.096	0.001
0.093	0.090	0.517	0.300
0.420	0.223	0.356	0.001
0.147	0.016	0.001	0.836
0.008	0.276	0.400	0.315
>GGGGGAGGGG	19-GGGGGAGGGG	8.515069	-290.281882	0	T:1516.0(9.48%),B:1567.6(4.90%),P:1e-126	Tpos:99.5,Tstd:55.9,Bpos:100.9,Bstd:62.5,StrandBias:-0.0,Multiplicity:1.22
0.001	0.001	0.997	0.001
0.001	0.001	0.997	0.001
0.049	0.001	0.922	0.028
0.001	0.001	0.997	0.001
0.001	0.001	0.997	0.001
0.852	0.001	0.001	0.146
0.087	0.001	0.866	0.046
0.001	0.011	0.987	0.001
0.046	0.001	0.912	0.041
0.046	0.089	0.864	0.001
>YCCCAGGGGG	20-YCCCAGGGGG	5.706025	-287.568066	0	T:3231.0(20.21%),B:4284.2(13.39%),P:1e-124	Tpos:99.8,Tstd:54.8,Bpos:100.4,Bstd:65.1,StrandBias:-0.0,Multiplicity:1.13
0.117	0.433	0.141	0.309
0.097	0.468	0.240	0.195
0.178	0.480	0.255	0.087
0.044	0.669	0.242	0.045
0.612	0.013	0.017	0.358
0.089	0.151	0.758	0.002
0.303	0.119	0.547	0.031
0.153	0.252	0.557	0.038
0.360	0.038	0.595	0.007
0.247	0.198	0.489	0.066
>CCTGCTGTGA	21-CCTGCTGTGA	8.419070	-281.625378	0	T:1047.0(6.55%),B:932.4(2.92%),P:1e-122	Tpos:98.6,Tstd:51.3,Bpos:102.9,Bstd:60.6,StrandBias:-0.0,Multiplicity:1.05
0.001	0.997	0.001	0.001
0.130	0.868	0.001	0.001
0.001	0.049	0.001	0.949
0.090	0.040	0.869	0.001
0.047	0.951	0.001	0.001
0.001	0.036	0.001	0.962
0.001	0.001	0.997	0.001
0.097	0.001	0.370	0.532
0.043	0.001	0.802	0.154
0.598	0.229	0.147	0.026
>ACCACATGTG	22-ACCACATGTG	8.035219	-239.565646	0	T:739.0(4.62%),B:597.7(1.87%),P:1e-104	Tpos:98.8,Tstd:54.6,Bpos:100.6,Bstd:60.9,StrandBias:0.0,Multiplicity:1.02
0.621	0.067	0.187	0.125
0.288	0.576	0.023	0.113
0.252	0.730	0.001	0.017
0.872	0.011	0.108	0.009
0.016	0.961	0.022	0.001
0.901	0.078	0.020	0.001
0.001	0.064	0.149	0.786
0.039	0.001	0.946	0.014
0.001	0.136	0.026	0.837
0.024	0.081	0.788	0.107
>GWAACCAGAY	23-GWAACCAGAY	7.030200	-186.729885	0	T:502.0(3.14%),B:375.6(1.17%),P:1e-81	Tpos:100.0,Tstd:54.5,Bpos:96.4,Bstd:62.2,StrandBias:-0.3,Multiplicity:1.02
0.113	0.155	0.552	0.180
0.429	0.153	0.069	0.350
0.608	0.239	0.086	0.067
0.771	0.051	0.125	0.053
0.059	0.625	0.254	0.062
0.053	0.782	0.078	0.087
0.449	0.174	0.098	0.279
0.070	0.300	0.574	0.056
0.766	0.096	0.050	0.088
0.069	0.412	0.222	0.297
>TAATTGAAAC	24-TAATTGAAAC	9.444556	-176.081366	0	T:319.0(2.00%),B:183.1(0.57%),P:1e-76	Tpos:99.9,Tstd:54.0,Bpos:93.8,Bstd:57.8,StrandBias:0.3,Multiplicity:1.02
0.057	0.060	0.058	0.825
0.887	0.001	0.111	0.001
0.997	0.001	0.001	0.001
0.017	0.001	0.058	0.924
0.047	0.007	0.201	0.745
0.001	0.075	0.923	0.001
0.976	0.007	0.007	0.010
0.997	0.001	0.001	0.001
0.949	0.006	0.001	0.044
0.073	0.834	0.078	0.015
>TCATTTCCTG	25-TCATTTCCTG	11.971572	-132.182283	0	T:140.0(0.88%),B:49.4(0.15%),P:1e-57	Tpos:94.4,Tstd:50.6,Bpos:89.3,Bstd:64.7,StrandBias:0.1,Multiplicity:1.00
0.001	0.001	0.155	0.843
0.001	0.997	0.001	0.001
0.997	0.001	0.001	0.001
0.001	0.001	0.001	0.997
0.001	0.001	0.001	0.997
0.001	0.001	0.001	0.997
0.001	0.997	0.001	0.001
0.001	0.997	0.001	0.001
0.001	0.001	0.001	0.997
0.001	0.001	0.997	0.001
