>CCTTTGAT	1-CCTTTGAT	6.042588	-3246.789980	0	T:6304.0(39.44%),B:4377.5(13.69%),P:1e-1410	Tpos:99.5,Tstd:45.5,Bpos:99.9,Bstd:66.4,StrandBias:0.0,Multiplicity:1.22
0.033	0.690	0.179	0.098
0.001	0.960	0.015	0.024
0.001	0.001	0.001	0.997
0.001	0.007	0.001	0.991
0.001	0.001	0.001	0.997
0.001	0.072	0.910	0.017
0.975	0.001	0.001	0.023
0.232	0.010	0.001	0.757
>TAATTAGC	2-TAATTAGC	4.767908	-2342.545604	0	T:7130.0(44.60%),B:6565.8(20.53%),P:1e-1017	Tpos:100.9,Tstd:52.0,Bpos:99.6,Bstd:69.8,StrandBias:-0.0,Multiplicity:1.40
0.001	0.123	0.009	0.867
0.881	0.079	0.001	0.039
0.997	0.001	0.001	0.001
0.001	0.001	0.001	0.997
0.013	0.001	0.145	0.841
0.888	0.001	0.097	0.014
0.045	0.091	0.830	0.034
0.085	0.789	0.071	0.055
>ACAKCTGG	3-ACAKCTGG	6.577334	-1974.480612	0	T:5107.0(31.95%),B:4099.1(12.82%),P:1e-857	Tpos:100.3,Tstd:52.3,Bpos:98.6,Bstd:63.1,StrandBias:-0.0,Multiplicity:1.22
0.608	0.201	0.188	0.003
0.005	0.930	0.060	0.005
0.854	0.036	0.028	0.082
0.007	0.045	0.424	0.524
0.115	0.727	0.152	0.006
0.083	0.107	0.029	0.781
0.001	0.022	0.945	0.032
0.001	0.195	0.631	0.173
>GCCATAAA	4-GCCATAAA	6.422396	-1797.591185	0	T:5030.0(31.47%),B:4207.8(13.16%),P:1e-780	Tpos:100.0,Tstd:51.8,Bpos:98.8,Bstd:68.7,StrandBias:0.1,Multiplicity:1.22
0.091	0.191	0.631	0.087
0.015	0.715	0.002	0.268
0.225	0.552	0.029	0.194
0.718	0.017	0.250	0.015
0.009	0.002	0.031	0.958
0.683	0.027	0.016	0.274
0.896	0.033	0.003	0.068
0.850	0.038	0.053	0.059
>CCGTTTGA	5-CCGTTTGA	5.160791	-1707.450278	0	T:7152.0(44.74%),B:7566.8(23.66%),P:1e-741	Tpos:102.5,Tstd:54.0,Bpos:101.1,Bstd:65.3,StrandBias:-0.1,Multiplicity:1.15
0.068	0.589	0.239	0.104
0.029	0.613	0.205	0.153
0.093	0.210	0.629	0.068
0.159	0.037	0.086	0.718
0.001	0.024	0.056	0.919
0.013	0.008	0.001	0.978
0.033	0.124	0.767	0.076
0.764	0.134	0.019	0.083
>CAKATGTY	6-CAKATGTY	5.874592	-1322.409557	0	T:5002.0(31.29%),B:4834.1(15.11%),P:1e-574	Tpos:99.2,Tstd:54.5,Bpos:100.6,Bstd:62.8,StrandBias:0.0,Multiplicity:1.08
0.061	0.937	0.001	0.001
0.880	0.033	0.072	0.015
0.079	0.105	0.481	0.335
0.456	0.241	0.251	0.052
0.099	0.183	0.010	0.708
0.024	0.089	0.727	0.160
0.141	0.155	0.265	0.439
0.090	0.492	0.058	0.361
>GTGATTTA	7-GTGATTTA	5.803620	-1228.956592	0	T:4701.0(29.41%),B:4536.5(14.18%),P:1e-533	Tpos:99.9,Tstd:54.8,Bpos:99.7,Bstd:69.1,StrandBias:0.1,Multiplicity:1.11
0.062	0.126	0.713	0.099
0.041	0.208	0.048	0.703
0.204	0.122	0.641	0.033
0.795	0.039	0.065	0.101
0.066	0.009	0.017	0.908
0.040	0.033	0.037	0.890
0.169	0.023	0.165	0.643
0.708	0.123	0.145	0.024
>CGCGTTAA	8-CGCGTTAA	4.468061	-1052.572509	0	T:7807.0(48.84%),B:10047.2(31.41%),P:1e-457	Tpos:99.0,Tstd:54.6,Bpos:100.5,Bstd:69.7,StrandBias:-0.1,Multiplicity:1.28
0.086	0.729	0.139	0.046
0.041	0.166	0.490	0.304
0.127	0.452	0.163	0.259
0.261	0.030	0.548	0.161
0.091	0.074	0.026	0.809
0.131	0.033	0.013	0.823
0.859	0.039	0.050	0.052
0.797	0.053	0.071	0.079
>CATAAATC	9-CATAAATC	7.053745	-896.938800	0	T:1303.0(8.15%),B:631.0(1.97%),P:1e-389	Tpos:97.2,Tstd:52.8,Bpos:98.2,Bstd:65.3,StrandBias:0.1,Multiplicity:1.02
0.001	0.867	0.001	0.131
0.838	0.001	0.160	0.001
0.001	0.001	0.001	0.997
0.842	0.156	0.001	0.001
0.997	0.001	0.001	0.001
0.845	0.153	0.001	0.001
0.001	0.001	0.001	0.997
0.001	0.997	0.001	0.001
>ATAAATCA	10-ATAAATCA	9.059407	-868.800834	0	T:1075.0(6.73%),B:445.6(1.39%),P:1e-377	Tpos:105.6,Tstd:49.9,Bpos:96.6,Bstd:65.8,StrandBias:0.1,Multiplicity:1.04
0.864	0.001	0.134	0.001
0.001	0.001	0.001	0.997
0.997	0.001	0.001	0.001
0.997	0.001	0.001	0.001
0.997	0.001	0.001	0.001
0.001	0.001	0.001	0.997
0.001	0.997	0.001	0.001
0.997	0.001	0.001	0.001
>TAAYWGCC	11-TAAYWGCC	5.739892	-812.471744	0	T:4834.0(30.24%),B:5520.9(17.26%),P:1e-352	Tpos:98.2,Tstd:55.6,Bpos:99.1,Bstd:66.6,StrandBias:-0.0,Multiplicity:1.10
0.332	0.020	0.045	0.603
0.790	0.046	0.162	0.002
0.997	0.001	0.001	0.001
0.001	0.530	0.001	0.468
0.389	0.157	0.129	0.325
0.166	0.021	0.793	0.020
0.077	0.863	0.002	0.058
0.001	0.610	0.096	0.293
>ACTTCAAA	12-ACTTCAAA	9.530828	-785.728875	0	T:1070.0(6.69%),B:486.7(1.52%),P:1e-341	Tpos:99.9,Tstd:49.2,Bpos:102.7,Bstd:63.6,StrandBias:0.1,Multiplicity:1.02
0.997	0.001	0.001	0.001
0.001	0.997	0.001	0.001
0.001	0.001	0.001	0.997
0.220	0.001	0.001	0.778
0.001	0.997	0.001	0.001
0.973	0.001	0.025	0.001
0.997	0.001	0.001	0.001
0.997	0.001	0.001	0.001
>GCCGTAAT	13-GCCGTAAT	4.787859	-731.271801	0	T:5425.0(33.94%),B:6687.4(20.91%),P:1e-317	Tpos:98.6,Tstd:54.9,Bpos:98.8,Bstd:67.4,StrandBias:0.1,Multiplicity:1.11
0.056	0.032	0.833	0.079
0.098	0.625	0.110	0.167
0.165	0.497	0.174	0.164
0.112	0.163	0.701	0.024
0.062	0.030	0.082	0.826
0.865	0.038	0.010	0.087
0.809	0.018	0.050	0.123
0.022	0.095	0.036	0.847
>CCGTTAAA	14-CCGTTAAA	4.621767	-683.952317	0	T:6415.0(40.13%),B:8532.8(26.68%),P:1e-297	Tpos:98.9,Tstd:56.2,Bpos:99.5,Bstd:68.4,StrandBias:-0.0,Multiplicity:1.12
0.012	0.896	0.048	0.044
0.047	0.764	0.103	0.086
0.211	0.034	0.689	0.066
0.080	0.156	0.054	0.710
0.091	0.132	0.124	0.653
0.798	0.042	0.090	0.070
0.782	0.087	0.078	0.053
0.710	0.101	0.073	0.116
>CGBKKHAA	15-CGBKKHAA	4.071675	-678.361434	0	T:10198.0(63.80%),B:15788.3(49.36%),P:1e-294	Tpos:100.8,Tstd:56.8,Bpos:100.0,Bstd:68.8,StrandBias:0.0,Multiplicity:1.32
0.001	0.607	0.391	0.001
0.012	0.033	0.845	0.110
0.001	0.343	0.314	0.342
0.001	0.001	0.510	0.488
0.001	0.181	0.415	0.402
0.216	0.306	0.156	0.323
0.458	0.187	0.173	0.181
0.696	0.198	0.105	0.001
>CTKTCADC	16-CTKTCADC	7.306957	-642.599996	0	T:2571.0(16.08%),B:2426.3(7.59%),P:1e-279	Tpos:100.7,Tstd:50.8,Bpos:99.3,Bstd:65.0,StrandBias:-0.1,Multiplicity:1.05
0.046	0.928	0.025	0.001
0.091	0.001	0.001	0.907
0.001	0.001	0.492	0.506
0.001	0.001	0.001	0.997
0.001	0.955	0.043	0.001
0.997	0.001	0.001	0.001
0.379	0.036	0.255	0.329
0.001	0.693	0.171	0.135
>CGCKTAAT	17-CGCKTAAT	4.631573	-599.670917	0	T:3072.0(19.22%),B:3230.3(10.10%),P:1e-260	Tpos:99.5,Tstd:55.8,Bpos:100.3,Bstd:69.7,StrandBias:-0.0,Multiplicity:1.07
0.073	0.774	0.080	0.073
0.110	0.088	0.756	0.046
0.126	0.591	0.167	0.116
0.176	0.169	0.393	0.262
0.250	0.092	0.126	0.532
0.527	0.053	0.102	0.318
0.734	0.004	0.004	0.258
0.020	0.052	0.017	0.911
>TGCAGCTG	18-TGCAGCTG	7.338450	-478.327554	0	T:2086.0(13.05%),B:2025.3(6.33%),P:1e-207	Tpos:97.7,Tstd:54.5,Bpos:102.6,Bstd:71.3,StrandBias:0.0,Multiplicity:1.02
0.239	0.001	0.180	0.580
0.001	0.100	0.898	0.001
0.001	0.997	0.001	0.001
0.997	0.001	0.001	0.001
0.001	0.001	0.997	0.001
0.001	0.997	0.001	0.001
0.001	0.001	0.001	0.997
0.001	0.001	0.997	0.001
>AAAGCGGC	19-AAAGCGGC	6.054347	-417.123542	0	T:2395.0(14.98%),B:2595.5(8.11%),P:1e-181	Tpos:100.0,Tstd:55.6,Bpos:98.7,Bstd:69.7,StrandBias:-0.3,Multiplicity:1.04
0.786	0.022	0.001	0.191
0.997	0.001	0.001	0.001
0.689	0.001	0.001	0.309
0.100	0.205	0.694	0.001
0.001	0.780	0.001	0.218
0.097	0.289	0.613	0.001
0.001	0.355	0.643	0.001
0.191	0.548	0.152	0.109
>CCGGAAAT	20-CCGGAAAT	6.065053	-353.982881	0	T:2464.0(15.41%),B:2847.2(8.90%),P:1e-153	Tpos:98.6,Tstd:54.8,Bpos:101.5,Bstd:65.3,StrandBias:-0.0,Multiplicity:1.11
0.093	0.641	0.247	0.019
0.211	0.641	0.147	0.001
0.001	0.050	0.851	0.098
0.001	0.001	0.873	0.125
0.600	0.062	0.037	0.301
0.973	0.001	0.001	0.025
0.591	0.013	0.237	0.159
0.119	0.272	0.082	0.527
>CCAGGGGG	21-CCAGGGGG	5.866106	-324.799789	0	T:4201.0(26.28%),B:5810.5(18.17%),P:1e-141	Tpos:101.0,Tstd:55.6,Bpos:100.2,Bstd:64.1,StrandBias:0.0,Multiplicity:1.17
0.107	0.858	0.019	0.016
0.027	0.908	0.020	0.045
0.884	0.001	0.001	0.114
0.001	0.001	0.997	0.001
0.187	0.025	0.787	0.001
0.056	0.093	0.792	0.059
0.090	0.001	0.908	0.001
0.034	0.001	0.915	0.050
>CACATTCC	22-CACATTCC	8.023165	-202.667489	0	T:1029.0(6.44%),B:1046.2(3.27%),P:1e-88	Tpos:101.6,Tstd:56.1,Bpos:99.3,Bstd:65.3,StrandBias:0.1,Multiplicity:1.03
0.114	0.770	0.115	0.001
0.916	0.001	0.082	0.001
0.001	0.997	0.001	0.001
0.997	0.001	0.001	0.001
0.001	0.001	0.001	0.997
0.001	0.001	0.001	0.997
0.067	0.752	0.001	0.180
0.001	0.997	0.001	0.001
>CCTGCTGT	23-CCTGCTGT	10.148019	-200.469113	0	T:922.0(5.77%),B:901.0(2.82%),P:1e-87	Tpos:99.3,Tstd:51.5,Bpos:101.9,Bstd:62.0,StrandBias:-0.2,Multiplicity:1.04
0.001	0.997	0.001	0.001
0.001	0.997	0.001	0.001
0.001	0.001	0.001	0.997
0.001	0.001	0.997	0.001
0.001	0.997	0.001	0.001
0.001	0.001	0.001	0.997
0.001	0.001	0.997	0.001
0.001	0.001	0.398	0.600
>GGGGGGGG	24-GGGGGGGG	7.265092	-149.612996	0	T:2676.0(16.74%),B:3874.5(12.11%),P:1e-64	Tpos:100.5,Tstd:57.5,Bpos:99.6,Bstd:63.7,StrandBias:0.0,Multiplicity:1.35
0.001	0.001	0.997	0.001
0.089	0.001	0.909	0.001
0.178	0.023	0.677	0.122
0.124	0.012	0.756	0.108
0.210	0.001	0.765	0.024
0.123	0.046	0.802	0.029
0.131	0.008	0.850	0.011
0.055	0.012	0.921	0.012
>GAAATCGC	25-GAAATCGC	9.568739	-25.988880	0	T:77.0(0.48%),B:64.0(0.20%),P:1e-11	Tpos:99.5,Tstd:54.4,Bpos:110.5,Bstd:60.1,StrandBias:0.3,Multiplicity:1.00
0.223	0.001	0.775	0.001
0.997	0.001	0.001	0.001
0.997	0.001	0.001	0.001
0.997	0.001	0.001	0.001
0.001	0.001	0.001	0.997
0.001	0.997	0.001	0.001
0.001	0.001	0.997	0.001
0.001	0.997	0.001	0.001
