>GTTGCCATGGCA	15-GTTGCCATGGCA,BestGuess:Rfx1(HTH)/NPC-H3K4me1-ChIP-Seq(GSE16256)/Homer(0.942)	9.824216	-77.185762	0	T:93.0(1.74%),B:149.0(0.36%),P:1e-33
0.097	0.001	0.901	0.001
0.001	0.013	0.018	0.968
0.001	0.287	0.037	0.675
0.235	0.001	0.625	0.139
0.001	0.888	0.018	0.093
0.001	0.961	0.001	0.037
0.761	0.203	0.018	0.018
0.001	0.037	0.018	0.944
0.068	0.001	0.930	0.001
0.017	0.018	0.964	0.001
0.135	0.651	0.098	0.116
0.821	0.037	0.141	0.001
