>TGCCATGGCAAC	15-GTTGCCATGGCA	9.824216	-77.185762	0	T:93.0(1.74%),B:149.0(0.36%),P:1e-33
0.001	0.141	0.037	0.821
0.116	0.098	0.651	0.135
0.001	0.964	0.018	0.017
0.001	0.930	0.001	0.068
0.944	0.018	0.037	0.001
0.018	0.018	0.203	0.761
0.037	0.001	0.961	0.001
0.093	0.018	0.888	0.001
0.139	0.625	0.001	0.235
0.675	0.037	0.287	0.001
0.968	0.018	0.013	0.001
0.001	0.901	0.001	0.097
