>SCAGGCGGCCTB	13-SCAGGCGGCCTB	7.693845	-88.187014	0	T:487.0(9.12%),B:2016.7(4.85%),P:1e-38
0.199	0.372	0.281	0.148
0.072	0.861	0.063	0.004
0.857	0.035	0.029	0.079
0.032	0.045	0.889	0.034
0.066	0.152	0.766	0.016
0.112	0.649	0.126	0.113
0.150	0.094	0.593	0.163
0.022	0.066	0.870	0.042
0.011	0.832	0.104	0.053
0.052	0.871	0.014	0.063
0.050	0.093	0.070	0.787
0.062	0.305	0.391	0.242
