>CATTTTTCACGT	25-CATTTTTCACGT	12.156198	-35.019046	0	T:14.0(0.26%),B:4.5(0.01%),P:1e-15
0.117	0.860	0.001	0.022
0.912	0.022	0.022	0.044
0.001	0.022	0.095	0.882
0.169	0.001	0.066	0.764
0.088	0.044	0.001	0.867
0.022	0.044	0.044	0.890
0.022	0.067	0.044	0.867
0.045	0.911	0.022	0.022
0.845	0.089	0.022	0.044
0.073	0.705	0.111	0.111
0.067	0.067	0.755	0.111
0.044	0.133	0.067	0.756
