>TGATTTATGGCC	5-TGATTTATGGCC	7.425463	-515.454619	0	T:817.0(15.31%),B:1713.5(4.12%),P:1e-223
0.232	0.009	0.091	0.668
0.097	0.026	0.794	0.083
0.721	0.015	0.035	0.229
0.048	0.009	0.023	0.920
0.013	0.004	0.015	0.968
0.048	0.021	0.092	0.839
0.963	0.020	0.016	0.001
0.012	0.013	0.009	0.966
0.163	0.055	0.578	0.204
0.229	0.018	0.616	0.137
0.194	0.482	0.194	0.130
0.126	0.593	0.111	0.170
