>NGYCATTTATCA	16-NGYCATTTATCA,BestGuess:Hoxb4(Homeobox)/ES-Hoxb4-ChIP-Seq(GSE34014)/Homer(0.807)	8.759837	-71.123340	0	T:170.0(3.18%),B:468.4(1.13%),P:1e-30
0.333	0.207	0.238	0.222
0.048	0.194	0.742	0.016
0.032	0.376	0.142	0.450
0.096	0.745	0.032	0.127
0.967	0.031	0.001	0.001
0.032	0.016	0.016	0.936
0.092	0.016	0.048	0.844
0.016	0.032	0.063	0.889
0.555	0.207	0.048	0.190
0.064	0.254	0.079	0.603
0.017	0.904	0.047	0.032
0.920	0.001	0.016	0.063
