>BGGCTGTTTGAT	11-BGGCTGTTTGAT	8.461339	-106.757030	0	T:251.0(4.70%),B:682.1(1.64%),P:1e-46
0.079	0.315	0.361	0.245
0.181	0.060	0.591	0.168
0.042	0.048	0.818	0.092
0.009	0.911	0.036	0.044
0.024	0.024	0.012	0.940
0.024	0.190	0.762	0.024
0.024	0.060	0.001	0.915
0.012	0.008	0.084	0.896
0.012	0.001	0.024	0.963
0.036	0.084	0.851	0.029
0.687	0.078	0.036	0.199
0.210	0.012	0.095	0.683
