>ACGGAGCTATAA	21-ACGGAGCTATAA,BestGuess:STB5/STB5_YPD/[](Harbison)/Yeast(0.675)	11.432775	-48.556041	0	T:15.0(0.28%),B:2.9(0.01%),P:1e-21
0.744	0.128	0.085	0.043
0.223	0.560	0.087	0.130
0.085	0.043	0.829	0.043
0.085	0.085	0.785	0.045
0.956	0.001	0.001	0.042
0.042	0.001	0.872	0.085
0.128	0.829	0.042	0.001
0.001	0.084	0.001	0.914
0.827	0.001	0.044	0.128
0.042	0.001	0.085	0.872
0.915	0.042	0.042	0.001
0.915	0.042	0.001	0.042
