>CYGTTAACRVNY	6-CYGTTAACRVNY	5.605999	-184.008734	0	T:1164.0(21.81%),B:5180.3(12.46%),P:1e-79
0.234	0.459	0.164	0.143
0.217	0.387	0.033	0.362
0.265	0.044	0.530	0.161
0.054	0.069	0.081	0.796
0.243	0.072	0.003	0.682
0.818	0.025	0.099	0.058
0.949	0.047	0.002	0.002
0.001	0.900	0.041	0.058
0.480	0.117	0.398	0.005
0.362	0.279	0.276	0.082
0.221	0.259	0.324	0.196
0.191	0.354	0.186	0.270
