>TAATTTACAGCC	7-TAATTTACAGCC	7.283466	-177.081653	0	T:651.0(12.20%),B:2290.6(5.51%),P:1e-76
0.094	0.129	0.139	0.638
0.544	0.195	0.192	0.069
0.665	0.113	0.074	0.148
0.160	0.066	0.056	0.718
0.005	0.031	0.020	0.944
0.011	0.119	0.022	0.848
0.522	0.238	0.169	0.071
0.088	0.836	0.043	0.033
0.792	0.002	0.001	0.205
0.075	0.033	0.847	0.045
0.150	0.727	0.062	0.061
0.133	0.695	0.011	0.161
