>TTAACGAGGTGC	17-TTAACGAGGTGC,BestGuess:HOXC13/MA0907.1/Jaspar(0.645)	8.867188	-68.720219	0	T:76.0(1.42%),B:111.0(0.27%),P:1e-29
0.001	0.051	0.001	0.947
0.104	0.078	0.052	0.766
0.786	0.026	0.078	0.110
0.817	0.105	0.052	0.026
0.055	0.759	0.160	0.026
0.052	0.130	0.765	0.053
0.869	0.001	0.052	0.078
0.079	0.079	0.711	0.131
0.001	0.003	0.918	0.078
0.001	0.104	0.079	0.816
0.001	0.052	0.946	0.001
0.026	0.815	0.080	0.079
