>GCCGCCTTTGTT	20-GCCGCCTTTGTT	10.602736	-55.907214	0	T:41.0(0.77%),B:36.3(0.09%),P:1e-24
0.073	0.048	0.878	0.001
0.001	0.926	0.048	0.025
0.119	0.783	0.073	0.025
0.001	0.097	0.830	0.072
0.074	0.828	0.024	0.074
0.024	0.854	0.001	0.121
0.025	0.121	0.024	0.830
0.024	0.097	0.097	0.782
0.025	0.001	0.024	0.950
0.097	0.048	0.807	0.048
0.121	0.048	0.048	0.783
0.025	0.073	0.141	0.761
