>ATCAAAGCRGCG	8-ATCAAAGCRGCG	6.838171	-988.467392	0	T:2646.0(19.47%),B:2593.6(7.60%),P:1e-429
0.740	0.094	0.057	0.109
0.115	0.031	0.083	0.771
0.081	0.747	0.110	0.062
0.933	0.042	0.004	0.021
0.825	0.084	0.080	0.011
0.902	0.008	0.059	0.031
0.040	0.031	0.898	0.031
0.162	0.549	0.163	0.126
0.311	0.060	0.450	0.179
0.062	0.090	0.804	0.044
0.180	0.462	0.179	0.178
0.169	0.224	0.395	0.211
