>AGATCAAAGGCM	7-AGATCAAAGGCM	7.838157	-1342.401690	0	T:2245.0(16.52%),B:1586.8(4.65%),P:1e-582
0.749	0.013	0.122	0.116
0.211	0.117	0.599	0.073
0.722	0.123	0.090	0.065
0.213	0.038	0.159	0.590
0.112	0.573	0.234	0.081
0.938	0.025	0.014	0.023
0.756	0.103	0.126	0.015
0.921	0.011	0.046	0.022
0.153	0.016	0.724	0.107
0.121	0.147	0.616	0.116
0.177	0.499	0.229	0.095
0.342	0.411	0.024	0.223
