>GCAGGCTGTAAA	16-GCAGGCTGTAAA	7.307232	-228.492830	0	T:1264.0(9.30%),B:1675.8(4.91%),P:1e-99
0.079	0.105	0.689	0.127
0.097	0.718	0.106	0.079
0.757	0.034	0.058	0.151
0.103	0.009	0.805	0.083
0.103	0.105	0.716	0.076
0.055	0.770	0.081	0.094
0.098	0.003	0.002	0.897
0.077	0.041	0.776	0.106
0.091	0.118	0.105	0.686
0.674	0.106	0.127	0.093
0.779	0.086	0.080	0.055
0.737	0.073	0.072	0.118
