>TGATAAATGACG	17-CGTCATTTATCA	7.551462	-187.906751	0	T:823.0(6.06%),B:989.5(2.90%),P:1e-81
0.095	0.022	0.053	0.830
0.060	0.048	0.830	0.062
0.770	0.080	0.079	0.071
0.121	0.090	0.088	0.701
0.771	0.049	0.128	0.052
0.786	0.042	0.095	0.077
0.845	0.054	0.058	0.043
0.073	0.029	0.064	0.834
0.081	0.059	0.768	0.092
0.734	0.093	0.096	0.077
0.095	0.567	0.203	0.135
0.150	0.120	0.566	0.164
