>CGCGCCATAAAC	22-CGCGCCATAAAC,BestGuess:cad/dmmpmm(Bergman)/fly(0.806)	9.942325	-111.321407	0	T:84.0(0.62%),B:24.3(0.07%),P:1e-48
0.110	0.804	0.055	0.031
0.118	0.226	0.489	0.167
0.157	0.717	0.079	0.047
0.142	0.047	0.572	0.239
0.031	0.907	0.031	0.031
0.015	0.953	0.001	0.031
0.932	0.016	0.036	0.016
0.016	0.047	0.063	0.874
0.969	0.015	0.015	0.001
0.969	0.015	0.015	0.001
0.952	0.016	0.016	0.016
0.039	0.882	0.016	0.063
