>CAGATGGCCTKT	13-CAGATGGCCTKT	6.586933	-323.595828	0	T:1402.0(10.32%),B:1692.9(4.96%),P:1e-140
0.114	0.739	0.081	0.066
0.739	0.072	0.048	0.141
0.187	0.181	0.500	0.133
0.466	0.272	0.187	0.075
0.251	0.069	0.176	0.504
0.116	0.051	0.625	0.208
0.133	0.215	0.566	0.086
0.188	0.597	0.124	0.091
0.239	0.551	0.049	0.161
0.178	0.071	0.069	0.682
0.052	0.248	0.410	0.290
0.164	0.191	0.182	0.463
