>NACTTCAAAGGV	5-NACTTCAAAGGV	7.248642	-1905.975375	0	T:3357.0(24.70%),B:2553.5(7.48%),P:1e-827
0.274	0.259	0.241	0.226
0.712	0.106	0.075	0.107
0.065	0.729	0.100	0.106
0.075	0.078	0.017	0.830
0.052	0.043	0.053	0.852
0.105	0.744	0.065	0.086
0.918	0.042	0.001	0.039
0.820	0.085	0.074	0.021
0.916	0.001	0.057	0.026
0.100	0.038	0.790	0.072
0.141	0.079	0.690	0.090
0.320	0.276	0.248	0.155
