>CNTTTCAAAGNN	9-CNTTTCAAAGNN	5.310325	-682.464670	0	T:2165.0(15.93%),B:2297.5(6.73%),P:1e-296
0.216	0.423	0.183	0.179
0.187	0.333	0.280	0.199
0.119	0.134	0.242	0.505
0.146	0.131	0.154	0.569
0.132	0.128	0.139	0.601
0.122	0.634	0.125	0.119
0.547	0.094	0.263	0.096
0.604	0.140	0.122	0.134
0.510	0.238	0.146	0.106
0.105	0.146	0.643	0.106
0.214	0.350	0.235	0.201
0.225	0.279	0.287	0.208
