>TTCTBGCCATAT	25-TTCTBGCCATAT,BestGuess:Bcl11a(Zf)/HSPC-BCL11A-ChIP-Seq(GSE104676)/Homer(0.648)	9.786415	-24.719710	0	T:16.0(0.12%),B:4.2(0.01%),P:1e-10
0.122	0.136	0.138	0.604
0.065	0.254	0.156	0.525
0.010	0.762	0.075	0.153
0.099	0.102	0.004	0.795
0.181	0.351	0.239	0.228
0.132	0.192	0.538	0.138
0.175	0.745	0.072	0.008
0.161	0.831	0.002	0.006
0.683	0.129	0.056	0.132
0.011	0.267	0.177	0.545
0.563	0.114	0.138	0.185
0.112	0.072	0.108	0.708
