>TGATTTATGGCC	6-TGATTTATGGCC	7.094908	-1724.540517	0	T:3202.0(23.56%),B:2520.5(7.39%),P:1e-748
0.210	0.006	0.105	0.679
0.103	0.038	0.739	0.120
0.731	0.041	0.037	0.191
0.051	0.012	0.026	0.911
0.032	0.005	0.019	0.944
0.081	0.031	0.054	0.834
0.963	0.010	0.024	0.003
0.032	0.065	0.030	0.873
0.190	0.047	0.527	0.236
0.333	0.039	0.506	0.122
0.137	0.495	0.203	0.165
0.121	0.507	0.121	0.251
