>GCCAGATGTAGT	24-GCCAGATGTAGT	11.048490	-58.064513	0	T:48.0(0.35%),B:16.6(0.05%),P:1e-25
0.030	0.047	0.825	0.098
0.131	0.777	0.046	0.046
0.031	0.939	0.015	0.015
0.940	0.015	0.015	0.030
0.076	0.030	0.833	0.061
0.894	0.030	0.061	0.015
0.031	0.046	0.047	0.876
0.030	0.046	0.862	0.062
0.047	0.123	0.217	0.613
0.924	0.015	0.015	0.046
0.099	0.077	0.778	0.046
0.062	0.061	0.122	0.755
