>GTGATTAAGTGG	21-CCACTTAATCAC	9.399800	-117.396209	0	T:181.0(1.33%),B:115.2(0.34%),P:1e-50
0.094	0.124	0.640	0.142
0.004	0.001	0.110	0.885
0.012	0.020	0.816	0.152
0.721	0.057	0.102	0.120
0.001	0.122	0.008	0.869
0.012	0.016	0.236	0.736
0.711	0.008	0.165	0.116
0.790	0.001	0.012	0.197
0.049	0.163	0.780	0.008
0.094	0.004	0.090	0.812
0.024	0.001	0.796	0.179
0.171	0.108	0.531	0.190
