>ATTTACGAGGTG	10-ATTTACGAGGTG,BestGuess:PH0048.1_Hoxa13/Jaspar(0.766)	7.247907	-469.999903	0	T:1224.0(9.01%),B:1141.9(3.35%),P:1e-204
0.733	0.070	0.072	0.125
0.067	0.057	0.076	0.800
0.058	0.049	0.058	0.835
0.094	0.075	0.078	0.753
0.785	0.078	0.078	0.059
0.151	0.569	0.102	0.178
0.205	0.125	0.549	0.121
0.802	0.035	0.079	0.084
0.068	0.044	0.774	0.114
0.064	0.096	0.768	0.072
0.081	0.037	0.069	0.813
0.047	0.077	0.819	0.057
